posizione z-y   velocità z-y    forza z-x
58.4074  4.30165e-07116.815  8.60331e-07  8.67934e+07  0.639226
233.536  1.74001e-06233.443  1.75937e-06  8.29224e+07  0.639214
519.011  3.97006e-06337.507  2.70072e-06  7.06595e+07  0.639179
897.111  7.16469e-06418.694  3.68854e-06  5.25283e+07  0.639122
1343.05  1.13728e-05473.188  4.72764e-06  3.3514e+07  0.639046
1831.82  1.66484e-05504.348  5.82362e-06  1.81662e+07  0.638957
2343.65  2.30518e-05519.305  6.98307e-06  8.24119e+06  0.638859
2865.78  3.06502e-05524.952  8.21382e-06  2.9307e+06  0.638756
3391.27  3.95197e-05526.036  9.52522e-06  527797  0.638652
3916.88  4.97466e-05525.182  1.09286e-05  -388649  0.638546
4441.28  6.14299e-05523.614  1.24379e-05  -663269  0.638441
4963.99  7.46841e-05521.817  1.40705e-05  -702562  0.638336
5370.4  8.8841e-05291.001  1.42432e-05  -8.53093e+07  0.0638232
5630.37  0.000103171228.94  1.44174e-05  -2.27394e+07  0.0638151
5842.9  0.000117676196.124  1.4593e-05  -1.19188e+07  0.0638099
6029  0.000132358176.08  1.47703e-05  -7.21566e+06  0.0638056
6198.52  0.000147218162.95  1.49491e-05  -4.68496e+06  0.0638019
6357  0.000162257154.001  1.51295e-05  -3.1641e+06  0.0637985
6507.88  0.000177478147.761  1.53116e-05  -2.1868e+06  0.0637953
6653.43  0.000192881143.351  1.54953e-05  -1.53094e+06  0.0637923
6795.22  0.000208469140.218  1.56808e-05  -1.07788e+06  0.0637894
6934.32  0.000224244137.991  1.58679e-05  -758834  0.0637866
7071.53  0.000240206136.417  1.60569e-05  -531339  0.0637838
7207.39  0.000256358135.317  1.62476e-05  -367896  0.0637811
7342.33  0.000272702134.562  1.64402e-05  -250020  0.0637783
7476.64  0.000289239134.059  1.66346e-05  -164933  0.0637756
7610.54  0.000305972133.74  1.68309e-05  -103607  0.063773
7744.19  0.000322902133.555  1.70292e-05  -59572  0.0637703
7877.7  0.000340032133.467  1.72295e-05  -28135.6  0.0637676
8011.16  0.000357362133.448  1.74318e-05  -5876.17  0.063765
8144.86  0.000374901133.947  1.76459e-05  148515  0.0637623
8279  0.000392655134.336  1.78623e-05  114704  0.0637596
8413.49  0.141189134.647  0.281574  90663.4  82045.5
8548.27  0.565092134.903  0.566232  73803.3  82038.5
8683.28  1.27523135.121  0.854038  61882.9  82024.5
8818.49  2.27476135.31  1.14503  53413.1  82003
8953.89  3.56692135.48  1.43927  47335  81973.8
9089.45  5.15494135.636  1.73679  42902.6  81936.6
9225.15  7.30664135.779  2.5666  38913.1  225876
9361  10.2923135.915  3.40462  36626.7  225428
9496.98  14.1198136.046  4.25038  34767.8  224801
9633.09  18.7966136.172  5.10334  33198.5  223989
9769.32  24.3298136.295  5.96297  31825.6  222987
9905.68  30.7256136.414  6.82865  30586.9  221788
10042.1  38.267136.526  8.25421  28219.3  360665
10178.7  47.2343136.636  9.68028  27643.9  356234
10315.4  57.6261136.746  11.1034  26922  350942
10452.2  69.4378136.853  12.52  26114.9  344797
10589.1  82.661136.958  13.9264  25261.5  337816
10726.1  97.2836137.061  15.3189  24386.6  330022
10863.2  113.622137.152  17.3587  21342.7  476910
11000.4  131.97137.245  19.3367  21452.2  456121
11137.7  152.26137.338  21.2425  21148  433373
11287.3  174.653161.816  23.5441  5.48783e+06  516039
11460.3  199.35184.079  25.8493  4.92022e+06  509433
11654.3  226.353204.096  28.1567  4.35966e+06  502568
11867.4  256.127221.935  31.3914  3.82825e+06  694147
12097.3  289.124237.869  34.6033  3.36843e+06  679005
12342.3  325.321252.168  37.7902  2.97704e+06  663507
12600.9  364.691265.12  40.9507  2.65519e+06  647913
12872  407.615276.963  44.8962  2.38984e+06  796190
13155.2  454.599289.607  49.0723  2.33161e+06  770076
13450.7  505.718301.332  53.1662  2.12451e+06  741816
13757.6  561.306312.365  58.0094  1.96404e+06  862095
14075.3  621.664323.007  62.706  1.86016e+06  820960
14403.5  686.649333.448  67.2644  1.79172e+06  782215
14742.1  756.598343.773  72.633  1.73873e+06  904082
15091.1  831.804354.203  77.7791  1.72294e+06  850135
15450.6  912.057364.843  82.7284  1.72367e+06  801787
15820.9  997.576375.697  88.3091  1.72364e+06  886211
16202.2  1088.55386.949  93.6349  1.75085e+06  828700
16595  1184.74398.668  98.754  1.78598e+06  780148
16999.8  1286.27410.831  104.299  1.81471e+06  827378
17417  1393.24423.605  109.639  1.86493e+06  779586
17847.3  1505.48437.049  114.836  1.91982e+06  742129
18291.4  1623.11451.131  120.432  1.96589e+06  781182
18750  1746.29466.028  125.923  2.03199e+06  748991
19223.9  1875.05481.756  131.604  2.0949e+06  756666
19714  2009.49498.448  137.277  2.17001e+06  737495
20221.3  2149.67516.165  143.089  2.24651e+06  737053
20921.3  2316.77689.335  168.103  -2.6556e+06  248445
21832.5  2545.06874.47  228.29  -8.82419e+06  0
22969.3  2834.661071.47  289.601  -1.53338e+07  0
24347  3203.011285.59  368.35  -2.10033e+07  0
25993.4  3655.41531.76  452.388  -2.539e+07  0
27950.5  4234.31826.82  578.903  -2.80439e+07  0
30293.5  4942.992201.54  708.69  -2.95326e+07  0
33121  5872.542683.44  929.543  -2.91458e+07  0
36568.9  7122.013312.5  1249.48  -2.65453e+07  0
40835.2  8776.294149.91  1654.28  -2.20757e+07  0
46183.2  10984.15258.15  2207.82  -1.64503e+07  0
52898.5  13955.66614.04  2971.46  -1.85591e+07  0
61320.9  18016.98418.89  4061.3  -647981  0
71820.4  23626.410497.1  5609.57  -432987  0
84526.5  31302.912705.9  7676.43  -40860.9  0
99563.1  41144.515039.4  9841.67  498577  0
116779  5364417223  12499.4  1.33911e+06  0
135210  69584.518446.2  15940.5  2.71808e+06  0
154000  87701.318810.7  18116.8  3.75524e+06  0
172051  10726518075.6  19563.7  4.51143e+06  0
188405  12693316378.7  19667.6  4.55839e+06  0
202464  14535714079.9  18424.8  3.88875e+06  0
214290  16138811841  16030.8  2.73401e+06  0
223895  1751139614.28  13724.3  1.777e+06  0
231514  1863777624.82  11264.3  922720  0
237445  1953835932.45  9006.62  288371  0
242000  2024294553.65  7045.4  -147045  0
245449  2078653447.24  5436.55  -424236  0
248029  2120002576.78  4134.44  -595933  0
249940  2151011906.87  3100.68  -698773  0
251353  2173951408.49  2294.57  -758439  0
252387  2190951030.35  1699.47  -790942  0
253169  220380802.581  1327.23  3.75954e+06  7.42689e+06
253756  221348583.109  968.385  -633606  0
254182  222052421.148  703.573  -638233  0
254488  222560301.641  508.152  -640685  0
254706  222924213.467  363.956  -641972  0
254858  223182147.33  258.227  -642634  0
254961  22336098.8752  178.223  -642979  0
255029  22348063.3756  119.607  -643145  0
255071  22355737.3682  76.6642  -643223  0
255094  22360218.3152  45.2036  -643255  0
255103  2236244.35727  22.1556  -643268  0
255101  223629-5.8681  5.27091  -643271  0
255101  223636-4.7613  7.09853  -643271  0
255100  223642-5.57212  5.75965  -643271  0
255100  223649-4.97813  6.74049  -643271  0
255099  223655-5.41328  6.02195  -643271  0
255098  223661-5.0945  6.54834  -643271  0
255097  223668-5.32804  6.16272  -643272  0
255097  223674-5.15695  6.44522  -643272  0
255096  223680-5.28229  6.23827  -643272  0
255095  223687-5.19047  6.38988  -643272  0
255095  223693-5.25774  6.27881  -643272  0
255094  223699-5.20846  6.36018  -643272  0
255093  223706-5.24456  6.30058  -643272  0
255092  223712-5.21812  6.34424  -643273  0
255092  223718-5.23749  6.31226  -643273  0
255091  223725-5.2233  6.33569  -643273  0
255090  223731-5.2337  6.31852  -643273  0
255090  223737-5.22608  6.3311  -643273  0
255089  223743-5.23166  6.32189  -643273  0
255088  223750-5.22758  6.32864  -643273  0
255088  223756-5.23057  6.3237  -643273  0
255087  223762-5.22838  6.32732  -643274  0
255086  223769-5.22999  6.32467  -643274  0
255086  223775-5.22881  6.32662  -643274  0
255085  223781-5.22968  6.32519  -643274  0
255084  223788-5.22905  6.32624  -643274  0
255083  223794-5.22951  6.32547  -643274  0
255083  223800-5.22917  6.32604  -643274  0
255082  223807-5.22942  6.32563  -643275  0
255081  223813-5.22924  6.32593  -643275  0
255081  223819-5.22937  6.32571  -643275  0
255080  223826-5.22928  6.32587  -643275  0
255079  223832-5.22935  6.32576  -643275  0
255079  223838-5.2293  6.32584  -643275  0
255078  223845-5.22934  6.32578  -643275  0
255077  223851-5.22931  6.32583  -643276  0
255076  223857-5.22933  6.3258  -643276  0
255076  223864-5.22932  6.32582  -643276  0
255075  223870-5.22933  6.32581  -643276  0
255074  223876-5.22932  6.32582  -643276  0
255074  223883-5.22933  6.32581  -643276  0
255073  223889-5.22933  6.32582  -643276  0
255072  223895-5.22933  6.32582  -643276  0
255072  223902-5.22933  6.32582  -643277  0
255071  223908-5.22933  6.32582  -643277  0
255070  223914-5.22933  6.32582  -643277  0
255069  223921-5.22934  6.32582  -643277  0
255069  223927-5.22934  6.32583  -643277  0
255068  223933-5.22934  6.32583  -643277  0
255067  223940-5.22934  6.32583  -643277  0
255067  223946-5.22934  6.32583  -643278  0
255066  223952-5.22934  6.32583  -643278  0
255065  223959-5.22934  6.32583  -643278  0
255065  223965-5.22934  6.32583  -643278  0
255064  223971-5.22934  6.32583  -643278  0
255063  223978-5.22935  6.32584  -643278  0
255062  223984-5.22935  6.32584  -643278  0
255062  223990-5.22935  6.32584  -643279  0
255061  223997-5.22935  6.32584  -643279  0
255060  224003-5.22935  6.32584  -643279  0
255060  224009-5.22935  6.32584  -643279  0
255059  224016-5.22935  6.32584  -643279  0
255058  224022-5.22935  6.32585  -643279  0
255058  224028-5.22935  6.32585  -643279  0
255057  224034-5.22936  6.32585  -643279  0
255056  224041-5.22936  6.32585  -643280  0
255055  224047-5.22936  6.32585  -643280  0
255055  224053-5.22936  6.32585  -643280  0
255054  224060-5.22936  6.32585  -643280  0
255053  224066-5.22936  6.32585  -643280  0
255053  224072-5.22936  6.32586  -643280  0
255052  224079-5.22936  6.32586  -643280  0
255051  224085-5.22936  6.32586  -643281  0
255051  224091-5.22937  6.32586  -643281  0
255050  224098-5.22937  6.32586  -643281  0
255049  224104-5.22937  6.32586  -643281  0
255048  224110-5.22937  6.32586  -643281  0
255048  224117-5.22937  6.32587  -643281  0
255047  224123-5.22937  6.32587  -643281  0
255046  224129-5.22937  6.32587  -643281  0
255046  224136-5.22937  6.32587  -643282  0
255045  224142-5.22937  6.32587  -643282  0
255044  224148-5.22938  6.32587  -643282  0
255044  224155-5.22938  6.32587  -643282  0
255043  224161-5.22938  6.32587  -643282  0
255042  224167-5.22938  6.32588  -643282  0
255041  224174-5.22938  6.32588  -643282  0
255041  224180-5.22938  6.32588  -643283  0
255040  224186-5.22938  6.32588  -643283  0
255039  224193-5.22938  6.32588  -643283  0
255039  224199-5.22938  6.32588  -643283  0
255038  224205-5.22939  6.32588  -643283  0
255037  224212-5.22939  6.32589  -643283  0
255037  224218-5.22939  6.32589  -643283  0
255036  224224-5.22939  6.32589  -643284  0
255035  224231-5.22939  6.32589  -643284  0
255034  224237-5.22939  6.32589  -643284  0
255034  224243-5.22939  6.32589  -643284  0
255033  224250-5.22939  6.32589  -643284  0
255032  224256-5.22939  6.32589  -643284  0
255032  224262-5.22939  6.3259  -643284  0
255031  224269-5.2294  6.3259  -643284  0
255030  224275-5.2294  6.3259  -643285  0
255030  224281-5.2294  6.3259  -643285  0
255029  224288-5.2294  6.3259  -643285  0
255028  224294-5.2294  6.3259  -643285  0
255027  224300-5.2294  6.3259  -643285  0
255027  224307-5.2294  6.32591  -643285  0
255026  224313-5.2294  6.32591  -643285  0
255025  224319-5.2294  6.32591  -643286  0
255025  224325-5.22941  6.32591  -643286  0
255024  224332-5.22941  6.32591  -643286  0
255023  224338-5.22941  6.32591  -643286  0
255023  224344-5.22941  6.32591  -643286  0
255022  224351-5.22941  6.32591  -643286  0
255021  224357-5.22941  6.32592  -643286  0
255020  224363-5.22941  6.32592  -643287  0
255020  224370-5.22941  6.32592  -643287  0
255019  224376-5.22941  6.32592  -643287  0
255018  224382-5.22942  6.32592  -643287  0
255018  224389-5.22942  6.32592  -643287  0
255017  224395-5.22942  6.32592  -643287  0
255016  224401-5.22942  6.32593  -643287  0
255016  224408-5.22942  6.32593  -643287  0
255015  224414-5.22942  6.32593  -643288  0
255014  224420-5.22942  6.32593  -643288  0
255013  224427-5.22942  6.32593  -643288  0
255013  224433-5.22942  6.32593  -643288  0
255012  224439-5.22943  6.32593  -643288  0
255011  224446-5.22943  6.32593  -643288  0
255011  224452-5.22943  6.32594  -643288  0
255010  224458-5.22943  6.32594  -643289  0
255009  224465-5.22943  6.32594  -643289  0
255009  224471-5.22943  6.32594  -643289  0
255008  224477-5.22943  6.32594  -643289  0
255007  224484-5.22943  6.32594  -643289  0
255006  224490-5.22943  6.32594  -643289  0
255006  224496-5.22944  6.32595  -643289  0
255005  224503-5.22944  6.32595  -643289  0
255004  224509-5.22944  6.32595  -643290  0
255004  224515-5.22944  6.32595  -643290  0
255003  224522-5.22944  6.32595  -643290  0
255002  224528-5.22944  6.32595  -643290  0
255002  224534-5.22944  6.32595  -643290  0
255001  224541-5.22944  6.32595  -643290  0
255000  224547-5.22944  6.32596  -643290  0
254999  224553-5.22945  6.32596  -643291  0
254999  224560-5.22945  6.32596  -643291  0
254998  224566-5.22945  6.32596  -643291  0
254997  224572-5.22945  6.32596  -643291  0
254997  224579-5.22945  6.32596  -643291  0
254996  224585-5.22945  6.32596  -643291  0
254995  224591-5.22945  6.32597  -643291  0
254995  224597-5.22945  6.32597  -643292  0
254994  224604-5.22945  6.32597  -643292  0
254993  224610-5.22946  6.32597  -643292  0
254993  224616-5.22946  6.32597  -643292  0
254992  224623-5.22946  6.32597  -643292  0
254991  224629-5.22946  6.32597  -643292  0
254990  224635-5.22946  6.32597  -643292  0
254990  224642-5.22946  6.32598  -643292  0
254989  224648-5.22946  6.32598  -643293  0
254988  224654-5.22946  6.32598  -643293  0
254988  224661-5.22946  6.32598  -643293  0
254987  224667-5.22947  6.32598  -643293  0
254986  224673-5.22947  6.32598  -643293  0
254986  224680-5.22947  6.32598  -643293  0
254985  224686-5.22947  6.32599  -643293  0
254984  224692-5.22947  6.32599  -643294  0
254983  224699-5.22947  6.32599  -643294  0
254983  224705-5.22947  6.32599  -643294  0
254982  224711-5.22947  6.32599  -643294  0
254981  224718-5.22947  6.32599  -643294  0
254981  224724-5.22948  6.32599  -643294  0
254980  224730-5.22948  6.32599  -643294  0
254979  224737-5.22948  6.326  -643295  0
254979  224743-5.22948  6.326  -643295  0
254978  224749-5.22948  6.326  -643295  0
254977  224756-5.22948  6.326  -643295  0
254976  224762-5.22948  6.326  -643295  0
254976  224768-5.22948  6.326  -643295  0
254975  224775-5.22948  6.326  -643295  0
254974  224781-5.22949  6.32601  -643295  0
254974  224787-5.22949  6.32601  -643296  0
254973  224794-5.22949  6.32601  -643296  0
254972  224800-5.22949  6.32601  -643296  0
254972  224806-5.22949  6.32601  -643296  0
254971  224813-5.22949  6.32601  -643296  0
254970  224819-5.22949  6.32601  -643296  0
254969  224825-5.22949  6.32601  -643296  0
254969  224832-5.22949  6.32602  -643297  0
254968  224838-5.2295  6.32602  -643297  0
254967  224844-5.2295  6.32602  -643297  0
254967  224851-5.2295  6.32602  -643297  0
254966  224857-5.2295  6.32602  -643297  0
254965  224863-5.2295  6.32602  -643297  0
254965  224870-5.2295  6.32602  -643297  0
254964  224876-5.2295  6.32603  -643297  0
254963  224882-5.2295  6.32603  -643298  0
254962  224888-5.2295  6.32603  -643298  0
254962  224895-5.22951  6.32603  -643298  0
254961  224901-5.22951  6.32603  -643298  0
254960  224907-5.22951  6.32603  -643298  0
254960  224914-5.22951  6.32603  -643298  0
254959  224920-5.22951  6.32603  -643298  0
254958  224926-5.22951  6.32604  -643299  0
254958  224933-5.22951  6.32604  -643299  0
254957  224939-5.22951  6.32604  -643299  0
254956  224945-5.22951  6.32604  -643299  0
254955  224952-5.22952  6.32604  -643299  0
254955  224958-5.22952  6.32604  -643299  0
254954  224964-5.22952  6.32604  -643299  0
254953  224971-5.22952  6.32605  -643300  0
254953  224977-5.22952  6.32605  -643300  0
254952  224983-5.22952  6.32605  -643300  0
254951  224990-5.22952  6.32605  -643300  0
254951  224996-5.22952  6.32605  -643300  0
254950  225002-5.22952  6.32605  -643300  0
254949  225009-5.22953  6.32605  -643300  0
254948  225015-5.22953  6.32605  -643300  0
254948  225021-5.22953  6.32606  -643301  0
254947  225028-5.22953  6.32606  -643301  0
254946  225034-5.22953  6.32606  -643301  0
254946  225040-5.22953  6.32606  -643301  0
254945  225047-5.22953  6.32606  -643301  0
254944  225053-5.22953  6.32606  -643301  0
254944  225059-5.22953  6.32606  -643301  0
254943  225066-5.22954  6.32607  -643302  0
254942  225072-5.22954  6.32607  -643302  0
254941  225078-5.22954  6.32607  -643302  0
254941  225085-5.22954  6.32607  -643302  0
254940  225091-5.22954  6.32607  -643302  0
254939  225097-5.22954  6.32607  -643302  0
254939  225104-5.22954  6.32607  -643302  0
254938  225110-5.22954  6.32607  -643303  0
254937  225116-5.22954  6.32608  -643303  0
254937  225123-5.22954  6.32608  -643303  0
254936  225129-5.22955  6.32608  -643303  0
254935  225135-5.22955  6.32608  -643303  0
254934  225142-5.22955  6.32608  -643303  0
254934  225148-5.22955  6.32608  -643303  0
254933  225154-5.22955  6.32608  -643303  0
254932  225161-5.22955  6.32609  -643304  0
254932  225167-5.22955  6.32609  -643304  0
254931  225173-5.22955  6.32609  -643304  0
254930  225179-5.22955  6.32609  -643304  0
254930  225186-5.22956  6.32609  -643304  0
254929  225192-5.22956  6.32609  -643304  0
254928  225198-5.22956  6.32609  -643304  0
254927  225205-5.22956  6.32609  -643305  0
254927  225211-5.22956  6.3261  -643305  0
254926  225217-5.22956  6.3261  -643305  0
254925  225224-5.22956  6.3261  -643305  0
254925  225230-5.22956  6.3261  -643305  0
254924  225236-5.22956  6.3261  -643305  0
254923  225243-5.22957  6.3261  -643305  0
254923  225249-5.22957  6.3261  -643306  0
254922  225255-5.22957  6.32611  -643306  0
254921  225262-5.22957  6.32611  -643306  0
254920  225268-5.22957  6.32611  -643306  0
254920  225274-5.22957  6.32611  -643306  0
254919  225281-5.22957  6.32611  -643306  0
254918  225287-5.22957  6.32611  -643306  0
254918  225293-5.22957  6.32611  -643306  0
254917  225300-5.22958  6.32611  -643307  0
254916  225306-5.22958  6.32612  -643307  0
254916  225312-5.22958  6.32612  -643307  0
254915  225319-5.22958  6.32612  -643307  0
254914  225325-5.22958  6.32612  -643307  0
254913  225331-5.22958  6.32612  -643307  0
254913  225338-5.22958  6.32612  -643307  0
254912  225344-5.22958  6.32612  -643308  0
254911  225350-5.22958  6.32613  -643308  0
254911  225357-5.22959  6.32613  -643308  0
254910  225363-5.22959  6.32613  -643308  0
254909  225369-5.22959  6.32613  -643308  0
254909  225376-5.22959  6.32613  -643308  0
254908  225382-5.22959  6.32613  -643308  0
254907  225388-5.22959  6.32613  -643308  0
254906  225395-5.22959  6.32613  -643309  0
254906  225401-5.22959  6.32614  -643309  0
254905  225407-5.22959  6.32614  -643309  0
254904  225414-5.2296  6.32614  -643309  0
254904  225420-5.2296  6.32614  -643309  0
254903  225426-5.2296  6.32614  -643309  0
254902  225433-5.2296  6.32614  -643309  0
254902  225439-5.2296  6.32614  -643310  0
254901  225445-5.2296  6.32615  -643310  0
254900  225452-5.2296  6.32615  -643310  0
254900  225458-5.2296  6.32615  -643310  0
254899  225464-5.2296  6.32615  -643310  0
254898  225470-5.22961  6.32615  -643310  0
254897  225477-5.22961  6.32615  -643310  0
254897  225483-5.22961  6.32615  -643311  0
254896  225489-5.22961  6.32615  -643311  0
254895  225496-5.22961  6.32616  -643311  0
254895  225502-5.22961  6.32616  -643311  0
254894  225508-5.22961  6.32616  -643311  0
254893  225515-5.22961  6.32616  -643311  0
254893  225521-5.22961  6.32616  -643311  0
254892  225527-5.22962  6.32616  -643311  0
254891  225534-5.22962  6.32616  -643312  0
254890  225540-5.22962  6.32617  -643312  0
254890  225546-5.22962  6.32617  -643312  0
254889  225553-5.22962  6.32617  -643312  0
254888  225559-5.22962  6.32617  -643312  0
254888  225565-5.22962  6.32617  -643312  0
254887  225572-5.22962  6.32617  -643312  0
254886  225578-5.22962  6.32617  -643313  0
254886  225584-5.22963  6.32617  -643313  0
254885  225591-5.22963  6.32618  -643313  0
254884  225597-5.22963  6.32618  -643313  0
254883  225603-5.22963  6.32618  -643313  0
254883  225610-5.22963  6.32618  -643313  0
254882  225616-5.22963  6.32618  -643313  0
254881  225622-5.22963  6.32618  -643314  0
254881  225629-5.22963  6.32618  -643314  0
254880  225635-5.22963  6.32619  -643314  0
254879  225641-5.22964  6.32619  -643314  0
254879  225648-5.22964  6.32619  -643314  0
254878  225654-5.22964  6.32619  -643314  0
254877  225660-5.22964  6.32619  -643314  0
254876  225667-5.22964  6.32619  -643314  0
254876  225673-5.22964  6.32619  -643315  0
254875  225679-5.22964  6.32619  -643315  0
254874  225686-5.22964  6.3262  -643315  0
254874  225692-5.22964  6.3262  -643315  0
254873  225698-5.22965  6.3262  -643315  0
254872  225705-5.22965  6.3262  -643315  0
254872  225711-5.22965  6.3262  -643315  0
254871  225717-5.22965  6.3262  -643316  0
254870  225724-5.22965  6.3262  -643316  0
254869  225730-5.22965  6.32621  -643316  0
254869  225736-5.22965  6.32621  -643316  0
254868  225743-5.22965  6.32621  -643316  0
254867  225749-5.22965  6.32621  -643316  0
254867  225755-5.22966  6.32621  -643316  0
254866  225761-5.22966  6.32621  -643316  0
254865  225768-5.22966  6.32621  -643317  0
254865  225774-5.22966  6.32621  -643317  0
254864  225780-5.22966  6.32622  -643317  0
254863  225787-5.22966  6.32622  -643317  0
254862  225793-5.22966  6.32622  -643317  0
254862  225799-5.22966  6.32622  -643317  0
254861  225806-5.22966  6.32622  -643317  0
254860  225812-5.22967  6.32622  -643318  0
254860  225818-5.22967  6.32622  -643318  0
254859  225825-5.22967  6.32623  -643318  0
254858  225831-5.22967  6.32623  -643318  0
254858  225837-5.22967  6.32623  -643318  0
254857  225844-5.22967  6.32623  -643318  0
254856  225850-5.22967  6.32623  -643318  0
254855  225856-5.22967  6.32623  -643319  0
254855  225863-5.22967  6.32623  -643319  0
254854  225869-5.22968  6.32623  -643319  0
254853  225875-5.22968  6.32624  -643319  0
254853  225882-5.22968  6.32624  -643319  0
254852  225888-5.22968  6.32624  -643319  0
254851  225894-5.22968  6.32624  -643319  0
254851  225901-5.22968  6.32624  -643319  0
254850  225907-5.22968  6.32624  -643320  0
254849  225913-5.22968  6.32624  -643320  0
254848  225920-5.22968  6.32625  -643320  0
254848  225926-5.22968  6.32625  -643320  0
254847  225932-5.22969  6.32625  -643320  0
254846  225939-5.22969  6.32625  -643320  0
254846  225945-5.22969  6.32625  -643320  0
254845  225951-5.22969  6.32625  -643321  0
254844  225958-5.22969  6.32625  -643321  0
254844  225964-5.22969  6.32625  -643321  0
254843  225970-5.22969  6.32626  -643321  0
254842  225977-5.22969  6.32626  -643321  0
254841  225983-5.22969  6.32626  -643321  0
254841  225989-5.2297  6.32626  -643321  0
254840  225996-5.2297  6.32626  -643322  0
254839  226002-5.2297  6.32626  -643322  0
254839  226008-5.2297  6.32626  -643322  0
254838  226015-5.2297  6.32627  -643322  0
254837  226021-5.2297  6.32627  -643322  0
254837  226027-5.2297  6.32627  -643322  0
254836  226034-5.2297  6.32627  -643322  0
254835  226040-5.2297  6.32627  -643322  0
254834  226046-5.22971  6.32627  -643323  0
254834  226053-5.22971  6.32627  -643323  0
254833  226059-5.22971  6.32627  -643323  0
254832  226065-5.22971  6.32628  -643323  0
254832  226071-5.22971  6.32628  -643323  0
254831  226078-5.22971  6.32628  -643323  0
254830  226084-5.22971  6.32628  -643323  0
254830  226090-5.22971  6.32628  -643324  0
254829  226097-5.22971  6.32628  -643324  0
254828  226103-5.22972  6.32628  -643324  0
254827  226109-5.22972  6.32629  -643324  0
254827  226116-5.22972  6.32629  -643324  0
254826  226122-5.22972  6.32629  -643324  0
254825  226128-5.22972  6.32629  -643324  0
254825  226135-5.22972  6.32629  -643324  0
254824  226141-5.22972  6.32629  -643325  0
254823  226147-5.22972  6.32629  -643325  0
254823  226154-5.22972  6.32629  -643325  0
254822  226160-5.22973  6.3263  -643325  0
254821  226166-5.22973  6.3263  -643325  0
254820  226173-5.22973  6.3263  -643325  0
254820  226179-5.22973  6.3263  -643325  0
254819  226185-5.22973  6.3263  -643326  0
254818  226192-5.22973  6.3263  -643326  0
254818  226198-5.22973  6.3263  -643326  0
254817  226204-5.22973  6.32631  -643326  0
254816  226211-5.22973  6.32631  -643326  0
254816  226217-5.22974  6.32631  -643326  0
254815  226223-5.22974  6.32631  -643326  0
254814  226230-5.22974  6.32631  -643327  0
254813  226236-5.22974  6.32631  -643327  0
254813  226242-5.22974  6.32631  -643327  0
254812  226249-5.22974  6.32631  -643327  0
254811  226255-5.22974  6.32632  -643327  0
254811  226261-5.22974  6.32632  -643327  0
254810  226268-5.22974  6.32632  -643327  0
254809  226274-5.22975  6.32632  -643327  0
254809  226280-5.22975  6.32632  -643328  0
254808  226287-5.22975  6.32632  -643328  0
254807  226293-5.22975  6.32632  -643328  0
254807  226299-5.22975  6.32633  -643328  0
254806  226306-5.22975  6.32633  -643328  0
254805  226312-5.22975  6.32633  -643328  0
254804  226318-5.22975  6.32633  -643328  0
254804  226325-5.22975  6.32633  -643329  0
254803  226331-5.22976  6.32633  -643329  0
254802  226337-5.22976  6.32633  -643329  0
254802  226344-5.22976  6.32633  -643329  0
254801  226350-5.22976  6.32634  -643329  0
254800  226356-5.22976  6.32634  -643329  0
254800  226362-5.22976  6.32634  -643329  0
254799  226369-5.22976  6.32634  -643330  0
254798  226375-5.22976  6.32634  -643330  0
254797  226381-5.22976  6.32634  -643330  0
254797  226388-5.22977  6.32634  -643330  0
254796  226394-5.22977  6.32635  -643330  0
254795  226400-5.22977  6.32635  -643330  0
254795  226407-5.22977  6.32635  -643330  0
254794  226413-5.22977  6.32635  -643330  0
254793  226419-5.22977  6.32635  -643331  0
254793  226426-5.22977  6.32635  -643331  0
254792  226432-5.22977  6.32635  -643331  0
254791  226438-5.22977  6.32635  -643331  0
254790  226445-5.22978  6.32636  -643331  0
254790  226451-5.22978  6.32636  -643331  0
254789  226457-5.22978  6.32636  -643331  0
254788  226464-5.22978  6.32636  -643332  0
254788  226470-5.22978  6.32636  -643332  0
254787  226476-5.22978  6.32636  -643332  0
254786  226483-5.22978  6.32636  -643332  0
254786  226489-5.22978  6.32637  -643332  0
254785  226495-5.22978  6.32637  -643332  0
254784  226502-5.22979  6.32637  -643332  0
254783  226508-5.22979  6.32637  -643332  0
254783  226514-5.22979  6.32637  -643333  0
254782  226521-5.22979  6.32637  -643333  0
254781  226527-5.22979  6.32637  -643333  0
254781  226533-5.22979  6.32637  -643333  0
254780  226540-5.22979  6.32638  -643333  0
254779  226546-5.22979  6.32638  -643333  0
254779  226552-5.22979  6.32638  -643333  0
254778  226559-5.2298  6.32638  -643334  0
254777  226565-5.2298  6.32638  -643334  0
254776  226571-5.2298  6.32638  -643334  0
254776  226578-5.2298  6.32638  -643334  0
254775  226584-5.2298  6.32639  -643334  0
254774  226590-5.2298  6.32639  -643334  0
254774  226597-5.2298  6.32639  -643334  0
254773  226603-5.2298  6.32639  -643335  0
254772  226609-5.2298  6.32639  -643335  0
254772  226616-5.22981  6.32639  -643335  0
254771  226622-5.22981  6.32639  -643335  0
254770  226628-5.22981  6.32639  -643335  0
254769  226635-5.22981  6.3264  -643335  0
254769  226641-5.22981  6.3264  -643335  0
254768  226647-5.22981  6.3264  -643335  0
254767  226654-5.22981  6.3264  -643336  0
254767  226660-5.22981  6.3264  -643336  0
254766  226666-5.22981  6.3264  -643336  0
254765  226672-5.22982  6.3264  -643336  0
254765  226679-5.22982  6.32641  -643336  0
254764  226685-5.22982  6.32641  -643336  0
254763  226691-5.22982  6.32641  -643336  0
254762  226698-5.22982  6.32641  -643337  0
254762  226704-5.22982  6.32641  -643337  0
254761  226710-5.22982  6.32641  -643337  0
254760  226717-5.22982  6.32641  -643337  0
254760  226723-5.22982  6.32641  -643337  0
254759  226729-5.22983  6.32642  -643337  0
254758  226736-5.22983  6.32642  -643337  0
254758  226742-5.22983  6.32642  -643338  0
254757  226748-5.22983  6.32642  -643338  0
254756  226755-5.22983  6.32642  -643338  0
254755  226761-5.22983  6.32642  -643338  0
254755  226767-5.22983  6.32642  -643338  0
254754  226774-5.22983  6.32643  -643338  0
254753  226780-5.22983  6.32643  -643338  0
254753  226786-5.22983  6.32643  -643338  0
254752  226793-5.22984  6.32643  -643339  0
254751  226799-5.22984  6.32643  -643339  0
254751  226805-5.22984  6.32643  -643339  0
254750  226812-5.22984  6.32643  -643339  0
254749  226818-5.22984  6.32643  -643339  0
254748  226824-5.22984  6.32644  -643339  0
254748  226831-5.22984  6.32644  -643339  0
254747  226837-5.22984  6.32644  -643340  0
254746  226843-5.22984  6.32644  -643340  0
254746  226850-5.22985  6.32644  -643340  0
254745  226856-5.22985  6.32644  -643340  0
254744  226862-5.22985  6.32644  -643340  0
254744  226869-5.22985  6.32645  -643340  0
254743  226875-5.22985  6.32645  -643340  0
254742  226881-5.22985  6.32645  -643340  0
254741  226888-5.22985  6.32645  -643341  0
254741  226894-5.22985  6.32645  -643341  0
254740  226900-5.22985  6.32645  -643341  0
254739  226907-5.22986  6.32645  -643341  0
254739  226913-5.22986  6.32645  -643341  0
254738  226919-5.22986  6.32646  -643341  0
254737  226926-5.22986  6.32646  -643341  0
254737  226932-5.22986  6.32646  -643342  0
254736  226938-5.22986  6.32646  -643342  0
254735  226945-5.22986  6.32646  -643342  0
254734  226951-5.22986  6.32646  -643342  0
254734  226957-5.22986  6.32646  -643342  0
254733  226963-5.22987  6.32647  -643342  0
254732  226970-5.22987  6.32647  -643342  0
254732  226976-5.22987  6.32647  -643343  0
254731  226982-5.22987  6.32647  -643343  0
254730  226989-5.22987  6.32647  -643343  0
254730  226995-5.22987  6.32647  -643343  0
254729  227001-5.22987  6.32647  -643343  0
254728  227008-5.22987  6.32647  -643343  0
254727  227014-5.22987  6.32648  -643343  0
254727  227020-5.22988  6.32648  -643343  0
254726  227027-5.22988  6.32648  -643344  0
254725  227033-5.22988  6.32648  -643344  0
254725  227039-5.22988  6.32648  -643344  0
254724  227046-5.22988  6.32648  -643344  0
254723  227052-5.22988  6.32648  -643344  0
254723  227058-5.22988  6.32649  -643344  0
254722  227065-5.22988  6.32649  -643344  0
254721  227071-5.22988  6.32649  -643345  0
254720  227077-5.22989  6.32649  -643345  0
254720  227084-5.22989  6.32649  -643345  0
254719  227090-5.22989  6.32649  -643345  0
254718  227096-5.22989  6.32649  -643345  0
254718  227103-5.22989  6.32649  -643345  0
254717  227109-5.22989  6.3265  -643345  0
254716  227115-5.22989  6.3265  -643346  0
254716  227122-5.22989  6.3265  -643346  0
254715  227128-5.22989  6.3265  -643346  0
254714  227134-5.2299  6.3265  -643346  0
254714  227141-5.2299  6.3265  -643346  0
254713  227147-5.2299  6.3265  -643346  0
254712  227153-5.2299  6.32651  -643346  0
254711  227160-5.2299  6.32651  -643346  0
254711  227166-5.2299  6.32651  -643347  0
254710  227172-5.2299  6.32651  -643347  0
254709  227179-5.2299  6.32651  -643347  0
254709  227185-5.2299  6.32651  -643347  0
254708  227191-5.22991  6.32651  -643347  0
254707  227198-5.22991  6.32651  -643347  0
254707  227204-5.22991  6.32652  -643347  0
254706  227210-5.22991  6.32652  -643348  0
254705  227217-5.22991  6.32652  -643348  0
254704  227223-5.22991  6.32652  -643348  0
254704  227229-5.22991  6.32652  -643348  0
254703  227236-5.22991  6.32652  -643348  0
254702  227242-5.22991  6.32652  -643348  0
254702  227248-5.22992  6.32653  -643348  0
254701  227255-5.22992  6.32653  -643349  0
254700  227261-5.22992  6.32653  -643349  0
254700  227267-5.22992  6.32653  -643349  0
254699  227273-5.22992  6.32653  -643349  0
254698  227280-5.22992  6.32653  -643349  0
254697  227286-5.22992  6.32653  -643349  0
254697  227292-5.22992  6.32653  -643349  0
254696  227299-5.22992  6.32654  -643349  0
254695  227305-5.22993  6.32654  -643350  0
254695  227311-5.22993  6.32654  -643350  0
254694  227318-5.22993  6.32654  -643350  0
254693  227324-5.22993  6.32654  -643350  0
254693  227330-5.22993  6.32654  -643350  0
254692  227337-5.22993  6.32654  -643350  0
254691  227343-5.22993  6.32655  -643350  0
254690  227349-5.22993  6.32655  -643351  0
254690  227356-5.22993  6.32655  -643351  0
254689  227362-5.22994  6.32655  -643351  0
254688  227368-5.22994  6.32655  -643351  0
254688  227375-5.22994  6.32655  -643351  0
254687  227381-5.22994  6.32655  -643351  0
254686  227387-5.22994  6.32655  -643351  0
254686  227394-5.22994  6.32656  -643351  0
254685  227400-5.22994  6.32656  -643352  0
254684  227406-5.22994  6.32656  -643352  0
254683  227413-5.22994  6.32656  -643352  0
254683  227419-5.22995  6.32656  -643352  0
254682  227425-5.22995  6.32656  -643352  0
254681  227432-5.22995  6.32656  -643352  0
254681  227438-5.22995  6.32657  -643352  0
254680  227444-5.22995  6.32657  -643353  0
254679  227451-5.22995  6.32657  -643353  0
254679  227457-5.22995  6.32657  -643353  0
254678  227463-5.22995  6.32657  -643353  0
254677  227470-5.22995  6.32657  -643353  0
254676  227476-5.22996  6.32657  -643353  0
254676  227482-5.22996  6.32657  -643353  0
254675  227489-5.22996  6.32658  -643354  0
254674  227495-5.22996  6.32658  -643354  0
254674  227501-5.22996  6.32658  -643354  0
254673  227508-5.22996  6.32658  -643354  0
254672  227514-5.22996  6.32658  -643354  0
254672  227520-5.22996  6.32658  -643354  0
254671  227527-5.22996  6.32658  -643354  0
254670  227533-5.22997  6.32659  -643354  0
254669  227539-5.22997  6.32659  -643355  0
254669  227546-5.22997  6.32659  -643355  0
254668  227552-5.22997  6.32659  -643355  0
254667  227558-5.22997  6.32659  -643355  0
254667  227565-5.22997  6.32659  -643355  0
254666  227571-5.22997  6.32659  -643355  0
254665  227577-5.22997  6.32659  -643355  0
254665  227583-5.22997  6.3266  -643356  0
254664  227590-5.22997  6.3266  -643356  0
254663  227596-5.22998  6.3266  -643356  0
254662  227602-5.22998  6.3266  -643356  0
254662  227609-5.22998  6.3266  -643356  0
254661  227615-5.22998  6.3266  -643356  0
254660  227621-5.22998  6.3266  -643356  0
254660  227628-5.22998  6.32661  -643357  0
254659  227634-5.22998  6.32661  -643357  0
254658  227640-5.22998  6.32661  -643357  0
254658  227647-5.22998  6.32661  -643357  0
254657  227653-5.22999  6.32661  -643357  0
254656  227659-5.22999  6.32661  -643357  0
254655  227666-5.22999  6.32661  -643357  0
254655  227672-5.22999  6.32661  -643357  0
254654  227678-5.22999  6.32662  -643358  0
254653  227685-5.22999  6.32662  -643358  0
254653  227691-5.22999  6.32662  -643358  0
254652  227697-5.22999  6.32662  -643358  0
254651  227704-5.22999  6.32662  -643358  0
254651  227710-5.23  6.32662  -643358  0
254650  227716-5.23  6.32662  -643358  0
254649  227723-5.23  6.32663  -643359  0
254648  227729-5.23  6.32663  -643359  0
254648  227735-5.23  6.32663  -643359  0
254647  227742-5.23  6.32663  -643359  0
254646  227748-5.23  6.32663  -643359  0
254646  227754-5.23  6.32663  -643359  0
254645  227761-5.23  6.32663  -643359  0
254644  227767-5.23001  6.32663  -643359  0
254644  227773-5.23001  6.32664  -643360  0
254643  227780-5.23001  6.32664  -643360  0
254642  227786-5.23001  6.32664  -643360  0
254641  227792-5.23001  6.32664  -643360  0
254641  227799-5.23001  6.32664  -643360  0
254640  227805-5.23001  6.32664  -643360  0
254639  227811-5.23001  6.32664  -643360  0
254639  227818-5.23001  6.32665  -643361  0
254638  227824-5.23002  6.32665  -643361  0
254637  227830-5.23002  6.32665  -643361  0
254637  227837-5.23002  6.32665  -643361  0
254636  227843-5.23002  6.32665  -643361  0
254635  227849-5.23002  6.32665  -643361  0
254634  227856-5.23002  6.32665  -643361  0
254634  227862-5.23002  6.32665  -643362  0
254633  227868-5.23002  6.32666  -643362  0
254632  227875-5.23002  6.32666  -643362  0
254632  227881-5.23003  6.32666  -643362  0
254631  227887-5.23003  6.32666  -643362  0
254630  227894-5.23003  6.32666  -643362  0
254630  227900-5.23003  6.32666  -643362  0
254629  227906-5.23003  6.32666  -643362  0
254628  227912-5.23003  6.32667  -643363  0
254627  227919-5.23003  6.32667  -643363  0
254627  227925-5.23003  6.32667  -643363  0
254626  227931-5.23003  6.32667  -643363  0
254625  227938-5.23004  6.32667  -643363  0
254625  227944-5.23004  6.32667  -643363  0
254624  227950-5.23004  6.32667  -643363  0
254623  227957-5.23004  6.32667  -643364  0
254623  227963-5.23004  6.32668  -643364  0
254622  227969-5.23004  6.32668  -643364  0
254621  227976-5.23004  6.32668  -643364  0
254620  227982-5.23004  6.32668  -643364  0
254620  227988-5.23004  6.32668  -643364  0
254619  227995-5.23005  6.32668  -643364  0
254618  228001-5.23005  6.32668  -643365  0
254618  228007-5.23005  6.32669  -643365  0
254617  228014-5.23005  6.32669  -643365  0
254616  228020-5.23005  6.32669  -643365  0
254616  228026-5.23005  6.32669  -643365  0
254615  228033-5.23005  6.32669  -643365  0
254614  228039-5.23005  6.32669  -643365  0
254614  228045-5.23005  6.32669  -643365  0
254613  228052-5.23006  6.32669  -643366  0
254612  228058-5.23006  6.3267  -643366  0
254611  228064-5.23006  6.3267  -643366  0
254611  228071-5.23006  6.3267  -643366  0
254610  228077-5.23006  6.3267  -643366  0
254609  228083-5.23006  6.3267  -643366  0
254609  228090-5.23006  6.3267  -643366  0
254608  228096-5.23006  6.3267  -643367  0
254607  228102-5.23006  6.32671  -643367  0
254607  228109-5.23007  6.32671  -643367  0
254606  228115-5.23007  6.32671  -643367  0
254605  228121-5.23007  6.32671  -643367  0
254604  228128-5.23007  6.32671  -643367  0
254604  228134-5.23007  6.32671  -643367  0
254603  228140-5.23007  6.32671  -643367  0
254602  228147-5.23007  6.32671  -643368  0
254602  228153-5.23007  6.32672  -643368  0
254601  228159-5.23007  6.32672  -643368  0
254600  228166-5.23008  6.32672  -643368  0
254600  228172-5.23008  6.32672  -643368  0
254599  228178-5.23008  6.32672  -643368  0
254598  228185-5.23008  6.32672  -643368  0
254597  228191-5.23008  6.32672  -643369  0
254597  228197-5.23008  6.32673  -643369  0
254596  228204-5.23008  6.32673  -643369  0
254595  228210-5.23008  6.32673  -643369  0
254595  228216-5.23008  6.32673  -643369  0
254594  228222-5.23009  6.32673  -643369  0
254593  228229-5.23009  6.32673  -643369  0
254593  228235-5.23009  6.32673  -643370  0
254592  228241-5.23009  6.32673  -643370  0
254591  228248-5.23009  6.32674  -643370  0
254590  228254-5.23009  6.32674  -643370  0
254590  228260-5.23009  6.32674  -643370  0
254589  228267-5.23009  6.32674  -643370  0
254588  228273-5.23009  6.32674  -643370  0
254588  228279-5.2301  6.32674  -643370  0
254587  228286-5.2301  6.32674  -643371  0
254586  228292-5.2301  6.32675  -643371  0
254586  228298-5.2301  6.32675  -643371  0
254585  228305-5.2301  6.32675  -643371  0
254584  228311-5.2301  6.32675  -643371  0
254583  228317-5.2301  6.32675  -643371  0
254583  228324-5.2301  6.32675  -643371  0
254582  228330-5.2301  6.32675  -643372  0
254581  228336-5.23011  6.32675  -643372  0
254581  228343-5.23011  6.32676  -643372  0
254580  228349-5.23011  6.32676  -643372  0
254579  228355-5.23011  6.32676  -643372  0
254579  228362-5.23011  6.32676  -643372  0
254578  228368-5.23011  6.32676  -643372  0
254577  228374-5.23011  6.32676  -643373  0
254576  228381-5.23011  6.32676  -643373  0
254576  228387-5.23011  6.32677  -643373  0
254575  228393-5.23012  6.32677  -643373  0
254574  228400-5.23012  6.32677  -643373  0
254574  228406-5.23012  6.32677  -643373  0
254573  228412-5.23012  6.32677  -643373  0
254572  228419-5.23012  6.32677  -643373  0
254572  228425-5.23012  6.32677  -643374  0
254571  228431-5.23012  6.32677  -643374  0
254570  228438-5.23012  6.32678  -643374  0
254569  228444-5.23012  6.32678  -643374  0
254569  228450-5.23012  6.32678  -643374  0
254568  228457-5.23013  6.32678  -643374  0
254567  228463-5.23013  6.32678  -643374  0
254567  228469-5.23013  6.32678  -643375  0
254566  228476-5.23013  6.32678  -643375  0
254565  228482-5.23013  6.32679  -643375  0
254565  228488-5.23013  6.32679  -643375  0
254564  228495-5.23013  6.32679  -643375  0
254563  228501-5.23013  6.32679  -643375  0
254562  228507-5.23013  6.32679  -643375  0
254562  228514-5.23014  6.32679  -643375  0
254561  228520-5.23014  6.32679  -643376  0
254560  228526-5.23014  6.3268  -643376  0
254560  228533-5.23014  6.3268  -643376  0
254559  228539-5.23014  6.3268  -643376  0
254558  228545-5.23014  6.3268  -643376  0
254558  228551-5.23014  6.3268  -643376  0
254557  228558-5.23014  6.3268  -643376  0
254556  228564-5.23014  6.3268  -643377  0
254555  228570-5.23015  6.3268  -643377  0
254555  228577-5.23015  6.32681  -643377  0
254554  228583-5.23015  6.32681  -643377  0
254553  228589-5.23015  6.32681  -643377  0
254553  228596-5.23015  6.32681  -643377  0
254552  228602-5.23015  6.32681  -643377  0
254551  228608-5.23015  6.32681  -643378  0
254551  228615-5.23015  6.32681  -643378  0
254550  228621-5.23015  6.32682  -643378  0
254549  228627-5.23016  6.32682  -643378  0
254548  228634-5.23016  6.32682  -643378  0
254548  228640-5.23016  6.32682  -643378  0
254547  228646-5.23016  6.32682  -643378  0
254546  228653-5.23016  6.32682  -643378  0
254546  228659-5.23016  6.32682  -643379  0
254545  228665-5.23016  6.32682  -643379  0
254544  228672-5.23016  6.32683  -643379  0
254544  228678-5.23016  6.32683  -643379  0
254543  228684-5.23017  6.32683  -643379  0
254542  228691-5.23017  6.32683  -643379  0
254541  228697-5.23017  6.32683  -643379  0
254541  228703-5.23017  6.32683  -643380  0
254540  228710-5.23017  6.32683  -643380  0
254539  228716-5.23017  6.32684  -643380  0
254539  228722-5.23017  6.32684  -643380  0
254538  228729-5.23017  6.32684  -643380  0
254537  228735-5.23017  6.32684  -643380  0
254537  228741-5.23018  6.32684  -643380  0
254536  228748-5.23018  6.32684  -643381  0
254535  228754-5.23018  6.32684  -643381  0
254534  228760-5.23018  6.32684  -643381  0
254534  228767-5.23018  6.32685  -643381  0
254533  228773-5.23018  6.32685  -643381  0
254532  228779-5.23018  6.32685  -643381  0
254532  228786-5.23018  6.32685  -643381  0
254531  228792-5.23018  6.32685  -643381  0
254530  228798-5.23019  6.32685  -643382  0
254530  228805-5.23019  6.32685  -643382  0
254529  228811-5.23019  6.32686  -643382  0
254528  228817-5.23019  6.32686  -643382  0
254527  228824-5.23019  6.32686  -643382  0
254527  228830-5.23019  6.32686  -643382  0
254526  228836-5.23019  6.32686  -643382  0
254525  228843-5.23019  6.32686  -643383  0
254525  228849-5.23019  6.32686  -643383  0
254524  228855-5.2302  6.32686  -643383  0
254523  228861-5.2302  6.32687  -643383  0
254523  228868-5.2302  6.32687  -643383  0
254522  228874-5.2302  6.32687  -643383  0
254521  228880-5.2302  6.32687  -643383  0
254520  228887-5.2302  6.32687  -643384  0
254520  228893-5.2302  6.32687  -643384  0
254519  228899-5.2302  6.32687  -643384  0
254518  228906-5.2302  6.32688  -643384  0
254518  228912-5.23021  6.32688  -643384  0
254517  228918-5.23021  6.32688  -643384  0
254516  228925-5.23021  6.32688  -643384  0
254516  228931-5.23021  6.32688  -643384  0
254515  228937-5.23021  6.32688  -643385  0
254514  228944-5.23021  6.32688  -643385  0
254513  228950-5.23021  6.32688  -643385  0
254513  228956-5.23021  6.32689  -643385  0
254512  228963-5.23021  6.32689  -643385  0
254511  228969-5.23022  6.32689  -643385  0
254511  228975-5.23022  6.32689  -643385  0
254510  228982-5.23022  6.32689  -643386  0
254509  228988-5.23022  6.32689  -643386  0
254509  228994-5.23022  6.32689  -643386  0
254508  229001-5.23022  6.3269  -643386  0
254507  229007-5.23022  6.3269  -643386  0
254507  229013-5.23022  6.3269  -643386  0
254506  229020-5.23022  6.3269  -643386  0
254505  229026-5.23023  6.3269  -643386  0
254504  229032-5.23023  6.3269  -643387  0
254504  229039-5.23023  6.3269  -643387  0
254503  229045-5.23023  6.3269  -643387  0
254502  229051-5.23023  6.32691  -643387  0
254502  229058-5.23023  6.32691  -643387  0
254501  229064-5.23023  6.32691  -643387  0
254500  229070-5.23023  6.32691  -643387  0
254500  229077-5.23023  6.32691  -643388  0
254499  229083-5.23024  6.32691  -643388  0
254498  229089-5.23024  6.32691  -643388  0
254497  229096-5.23024  6.32692  -643388  0
254497  229102-5.23024  6.32692  -643388  0
254496  229108-5.23024  6.32692  -643388  0
254495  229115-5.23024  6.32692  -643388  0
254495  229121-5.23024  6.32692  -643389  0
254494  229127-5.23024  6.32692  -643389  0
254493  229134-5.23024  6.32692  -643389  0
254493  229140-5.23025  6.32692  -643389  0
254492  229146-5.23025  6.32693  -643389  0
254491  229153-5.23025  6.32693  -643389  0
254490  229159-5.23025  6.32693  -643389  0
254490  229165-5.23025  6.32693  -643389  0
254489  229172-5.23025  6.32693  -643390  0
254488  229178-5.23025  6.32693  -643390  0
254488  229184-5.23025  6.32693  -643390  0
254487  229190-5.23025  6.32694  -643390  0
254486  229197-5.23026  6.32694  -643390  0
254486  229203-5.23026  6.32694  -643390  0
254485  229209-5.23026  6.32694  -643390  0
254484  229216-5.23026  6.32694  -643391  0
254483  229222-5.23026  6.32694  -643391  0
254483  229228-5.23026  6.32694  -643391  0
254482  229235-5.23026  6.32694  -643391  0
254481  229241-5.23026  6.32695  -643391  0
254481  229247-5.23026  6.32695  -643391  0
254480  229254-5.23027  6.32695  -643391  0
254479  229260-5.23027  6.32695  -643392  0
254479  229266-5.23027  6.32695  -643392  0
254478  229273-5.23027  6.32695  -643392  0
254477  229279-5.23027  6.32695  -643392  0
254476  229285-5.23027  6.32696  -643392  0
254476  229292-5.23027  6.32696  -643392  0
254475  229298-5.23027  6.32696  -643392  0
254474  229304-5.23027  6.32696  -643392  0
254474  229311-5.23027  6.32696  -643393  0
254473  229317-5.23028  6.32696  -643393  0
254472  229323-5.23028  6.32696  -643393  0
254472  229330-5.23028  6.32696  -643393  0
254471  229336-5.23028  6.32697  -643393  0
254470  229342-5.23028  6.32697  -643393  0
254469  229349-5.23028  6.32697  -643393  0
254469  229355-5.23028  6.32697  -643394  0
254468  229361-5.23028  6.32697  -643394  0
254467  229368-5.23028  6.32697  -643394  0
254467  229374-5.23029  6.32697  -643394  0
254466  229380-5.23029  6.32698  -643394  0
254465  229387-5.23029  6.32698  -643394  0
254465  229393-5.23029  6.32698  -643394  0
254464  229399-5.23029  6.32698  -643394  0
254463  229406-5.23029  6.32698  -643395  0
254462  229412-5.23029  6.32698  -643395  0
254462  229418-5.23029  6.32698  -643395  0
254461  229425-5.23029  6.32698  -643395  0
254460  229431-5.2303  6.32699  -643395  0
254460  229437-5.2303  6.32699  -643395  0
254459  229444-5.2303  6.32699  -643395  0
254458  229450-5.2303  6.32699  -643396  0
254458  229456-5.2303  6.32699  -643396  0
254457  229463-5.2303  6.32699  -643396  0
254456  229469-5.2303  6.32699  -643396  0
254455  229475-5.2303  6.327  -643396  0
254455  229482-5.2303  6.327  -643396  0
254454  229488-5.23031  6.327  -643396  0
254453  229494-5.23031  6.327  -643397  0
254453  229501-5.23031  6.327  -643397  0
254452  229507-5.23031  6.327  -643397  0
254451  229513-5.23031  6.327  -643397  0
254451  229519-5.23031  6.327  -643397  0
254450  229526-5.23031  6.32701  -643397  0
254449  229532-5.23031  6.32701  -643397  0
254448  229538-5.23031  6.32701  -643397  0
254448  229545-5.23032  6.32701  -643398  0
254447  229551-5.23032  6.32701  -643398  0
254446  229557-5.23032  6.32701  -643398  0
254446  229564-5.23032  6.32701  -643398  0
254445  229570-5.23032  6.32702  -643398  0
254444  229576-5.23032  6.32702  -643398  0
254444  229583-5.23032  6.32702  -643398  0
254443  229589-5.23032  6.32702  -643399  0
254442  229595-5.23032  6.32702  -643399  0
254441  229602-5.23033  6.32702  -643399  0
254441  229608-5.23033  6.32702  -643399  0
254440  229614-5.23033  6.32702  -643399  0
254439  229621-5.23033  6.32703  -643399  0
254439  229627-5.23033  6.32703  -643399  0
254438  229633-5.23033  6.32703  -643400  0
254437  229640-5.23033  6.32703  -643400  0
254437  229646-5.23033  6.32703  -643400  0
254436  229652-5.23033  6.32703  -643400  0
254435  229659-5.23034  6.32703  -643400  0
254434  229665-5.23034  6.32704  -643400  0
254434  229671-5.23034  6.32704  -643400  0
254433  229678-5.23034  6.32704  -643400  0
254432  229684-5.23034  6.32704  -643401  0
254432  229690-5.23034  6.32704  -643401  0
254431  229697-5.23034  6.32704  -643401  0
254430  229703-5.23034  6.32704  -643401  0
254430  229709-5.23034  6.32704  -643401  0
254429  229716-5.23035  6.32705  -643401  0
254428  229722-5.23035  6.32705  -643401  0
254427  229728-5.23035  6.32705  -643402  0
254427  229735-5.23035  6.32705  -643402  0
254426  229741-5.23035  6.32705  -643402  0
254425  229747-5.23035  6.32705  -643402  0
254425  229754-5.23035  6.32705  -643402  0
254424  229760-5.23035  6.32706  -643402  0
254423  229766-5.23035  6.32706  -643402  0
254423  229773-5.23036  6.32706  -643402  0
254422  229779-5.23036  6.32706  -643403  0
254421  229785-5.23036  6.32706  -643403  0
254420  229792-5.23036  6.32706  -643403  0
254420  229798-5.23036  6.32706  -643403  0
254419  229804-5.23036  6.32706  -643403  0
254418  229811-5.23036  6.32707  -643403  0
254418  229817-5.23036  6.32707  -643403  0
254417  229823-5.23036  6.32707  -643404  0
254416  229830-5.23037  6.32707  -643404  0
254416  229836-5.23037  6.32707  -643404  0
254415  229842-5.23037  6.32707  -643404  0
254414  229849-5.23037  6.32707  -643404  0
254413  229855-5.23037  6.32708  -643404  0
254413  229861-5.23037  6.32708  -643404  0
254412  229867-5.23037  6.32708  -643405  0
254411  229874-5.23037  6.32708  -643405  0
254411  229880-5.23037  6.32708  -643405  0
254410  229886-5.23038  6.32708  -643405  0
254409  229893-5.23038  6.32708  -643405  0
254409  229899-5.23038  6.32708  -643405  0
254408  229905-5.23038  6.32709  -643405  0
254407  229912-5.23038  6.32709  -643405  0
254406  229918-5.23038  6.32709  -643406  0
254406  229924-5.23038  6.32709  -643406  0
254405  229931-5.23038  6.32709  -643406  0
254404  229937-5.23038  6.32709  -643406  0
254404  229943-5.23039  6.32709  -643406  0
254403  229950-5.23039  6.3271  -643406  0
254402  229956-5.23039  6.3271  -643406  0
254402  229962-5.23039  6.3271  -643407  0
254401  229969-5.23039  6.3271  -643407  0
254400  229975-5.23039  6.3271  -643407  0
254400  229981-5.23039  6.3271  -643407  0
254399  229988-5.23039  6.3271  -643407  0
254398  229994-5.23039  6.3271  -643407  0
254397  230000-5.2304  6.32711  -643407  0
254397  230007-5.2304  6.32711  -643408  0
254396  230013-5.2304  6.32711  -643408  0
254395  230019-5.2304  6.32711  -643408  0
254395  230026-5.2304  6.32711  -643408  0
254394  230032-5.2304  6.32711  -643408  0
254393  230038-5.2304  6.32711  -643408  0
254393  230045-5.2304  6.32712  -643408  0
254392  230051-5.2304  6.32712  -643408  0
254391  230057-5.23041  6.32712  -643409  0
254390  230064-5.23041  6.32712  -643409  0
254390  230070-5.23041  6.32712  -643409  0
254389  230076-5.23041  6.32712  -643409  0
254388  230083-5.23041  6.32712  -643409  0
254388  230089-5.23041  6.32712  -643409  0
254387  230095-5.23041  6.32713  -643409  0
254386  230102-5.23041  6.32713  -643410  0
254386  230108-5.23041  6.32713  -643410  0
254385  230114-5.23042  6.32713  -643410  0
254384  230121-5.23042  6.32713  -643410  0
254383  230127-5.23042  6.32713  -643410  0
254383  230133-5.23042  6.32713  -643410  0
254382  230140-5.23042  6.32714  -643410  0
254381  230146-5.23042  6.32714  -643411  0
254381  230152-5.23042  6.32714  -643411  0
254380  230159-5.23042  6.32714  -643411  0
254379  230165-5.23042  6.32714  -643411  0
254379  230171-5.23042  6.32714  -643411  0
254378  230178-5.23043  6.32714  -643411  0
254377  230184-5.23043  6.32714  -643411  0
254376  230190-5.23043  6.32715  -643411  0
254376  230196-5.23043  6.32715  -643412  0
254375  230203-5.23043  6.32715  -643412  0
254374  230209-5.23043  6.32715  -643412  0
254374  230215-5.23043  6.32715  -643412  0
254373  230222-5.23043  6.32715  -643412  0
254372  230228-5.23043  6.32715  -643412  0
254372  230234-5.23044  6.32716  -643412  0
254371  230241-5.23044  6.32716  -643413  0
254370  230247-5.23044  6.32716  -643413  0
254369  230253-5.23044  6.32716  -643413  0
254369  230260-5.23044  6.32716  -643413  0
254368  230266-5.23044  6.32716  -643413  0
254367  230272-5.23044  6.32716  -643413  0
254367  230279-5.23044  6.32716  -643413  0
254366  230285-5.23044  6.32717  -643413  0
254365  230291-5.23045  6.32717  -643414  0
254365  230298-5.23045  6.32717  -643414  0
254364  230304-5.23045  6.32717  -643414  0
254363  230310-5.23045  6.32717  -643414  0
254362  230317-5.23045  6.32717  -643414  0
254362  230323-5.23045  6.32717  -643414  0
254361  230329-5.23045  6.32718  -643414  0
254360  230336-5.23045  6.32718  -643415  0
254360  230342-5.23045  6.32718  -643415  0
254359  230348-5.23046  6.32718  -643415  0
254358  230355-5.23046  6.32718  -643415  0
254358  230361-5.23046  6.32718  -643415  0
254357  230367-5.23046  6.32718  -643415  0
254356  230374-5.23046  6.32718  -643415  0
254355  230380-5.23046  6.32719  -643416  0
254355  230386-5.23046  6.32719  -643416  0
254354  230393-5.23046  6.32719  -643416  0
254353  230399-5.23046  6.32719  -643416  0
254353  230405-5.23047  6.32719  -643416  0
254352  230412-5.23047  6.32719  -643416  0
254351  230418-5.23047  6.32719  -643416  0
254351  230424-5.23047  6.3272  -643416  0
254350  230431-5.23047  6.3272  -643417  0
254349  230437-5.23047  6.3272  -643417  0
254348  230443-5.23047  6.3272  -643417  0
254348  230450-5.23047  6.3272  -643417  0
254347  230456-5.23047  6.3272  -643417  0
254346  230462-5.23048  6.3272  -643417  0
254346  230469-5.23048  6.3272  -643417  0
254345  230475-5.23048  6.32721  -643418  0
254344  230481-5.23048  6.32721  -643418  0
254344  230488-5.23048  6.32721  -643418  0
254343  230494-5.23048  6.32721  -643418  0
254342  230500-5.23048  6.32721  -643418  0
254341  230507-5.23048  6.32721  -643418  0
254341  230513-5.23048  6.32721  -643418  0
254340  230519-5.23049  6.32722  -643419  0
254339  230526-5.23049  6.32722  -643419  0
254339  230532-5.23049  6.32722  -643419  0
254338  230538-5.23049  6.32722  -643419  0
254337  230544-5.23049  6.32722  -643419  0
254337  230551-5.23049  6.32722  -643419  0
254336  230557-5.23049  6.32722  -643419  0
254335  230563-5.23049  6.32722  -643419  0
254334  230570-5.23049  6.32723  -643420  0
254334  230576-5.2305  6.32723  -643420  0
254333  230582-5.2305  6.32723  -643420  0
254332  230589-5.2305  6.32723  -643420  0
254332  230595-5.2305  6.32723  -643420  0
254331  230601-5.2305  6.32723  -643420  0
254330  230608-5.2305  6.32723  -643420  0
254330  230614-5.2305  6.32724  -643421  0
254329  230620-5.2305  6.32724  -643421  0
254328  230627-5.2305  6.32724  -643421  0
254327  230633-5.23051  6.32724  -643421  0
254327  230639-5.23051  6.32724  -643421  0
254326  230646-5.23051  6.32724  -643421  0
254325  230652-5.23051  6.32724  -643421  0
254325  230658-5.23051  6.32724  -643421  0
254324  230665-5.23051  6.32725  -643422  0
254323  230671-5.23051  6.32725  -643422  0
254323  230677-5.23051  6.32725  -643422  0
254322  230684-5.23051  6.32725  -643422  0
254321  230690-5.23052  6.32725  -643422  0
254320  230696-5.23052  6.32725  -643422  0
254320  230703-5.23052  6.32725  -643422  0
254319  230709-5.23052  6.32726  -643423  0
254318  230715-5.23052  6.32726  -643423  0
254318  230722-5.23052  6.32726  -643423  0
254317  230728-5.23052  6.32726  -643423  0
254316  230734-5.23052  6.32726  -643423  0
254316  230741-5.23052  6.32726  -643423  0
254315  230747-5.23053  6.32726  -643423  0
254314  230753-5.23053  6.32726  -643424  0
254313  230760-5.23053  6.32727  -643424  0
254313  230766-5.23053  6.32727  -643424  0
254312  230772-5.23053  6.32727  -643424  0
254311  230779-5.23053  6.32727  -643424  0
254311  230785-5.23053  6.32727  -643424  0
254310  230791-5.23053  6.32727  -643424  0
254309  230798-5.23053  6.32727  -643424  0
254309  230804-5.23054  6.32728  -643425  0
254308  230810-5.23054  6.32728  -643425  0
254307  230817-5.23054  6.32728  -643425  0
254306  230823-5.23054  6.32728  -643425  0
254306  230829-5.23054  6.32728  -643425  0
254305  230836-5.23054  6.32728  -643425  0
254304  230842-5.23054  6.32728  -643425  0
254304  230848-5.23054  6.32728  -643426  0
254303  230855-5.23054  6.32729  -643426  0
254302  230861-5.23055  6.32729  -643426  0
254302  230867-5.23055  6.32729  -643426  0
254301  230874-5.23055  6.32729  -643426  0
254300  230880-5.23055  6.32729  -643426  0
254299  230886-5.23055  6.32729  -643426  0
254299  230892-5.23055  6.32729  -643427  0
254298  230899-5.23055  6.3273  -643427  0
254297  230905-5.23055  6.3273  -643427  0
254297  230911-5.23055  6.3273  -643427  0
254296  230918-5.23056  6.3273  -643427  0
254295  230924-5.23056  6.3273  -643427  0
254295  230930-5.23056  6.3273  -643427  0
254294  230937-5.23056  6.3273  -643427  0
254293  230943-5.23056  6.3273  -643428  0
254293  230949-5.23056  6.32731  -643428  0
254292  230956-5.23056  6.32731  -643428  0
254291  230962-5.23056  6.32731  -643428  0
254290  230968-5.23056  6.32731  -643428  0
254290  230975-5.23057  6.32731  -643428  0
254289  230981-5.23057  6.32731  -643428  0
254288  230987-5.23057  6.32731  -643429  0
254288  230994-5.23057  6.32732  -643429  0
254287  231000-5.23057  6.32732  -643429  0
254286  231006-5.23057  6.32732  -643429  0
254286  231013-5.23057  6.32732  -643429  0
254285  231019-5.23057  6.32732  -643429  0
254284  231025-5.23057  6.32732  -643429  0
254283  231032-5.23058  6.32732  -643430  0
254283  231038-5.23058  6.32732  -643430  0
254282  231044-5.23058  6.32733  -643430  0
254281  231051-5.23058  6.32733  -643430  0
254281  231057-5.23058  6.32733  -643430  0
254280  231063-5.23058  6.32733  -643430  0
254279  231070-5.23058  6.32733  -643430  0
254279  231076-5.23058  6.32733  -643430  0
254278  231082-5.23058  6.32733  -643431  0
254277  231089-5.23058  6.32734  -643431  0
254276  231095-5.23059  6.32734  -643431  0
254276  231101-5.23059  6.32734  -643431  0
254275  231108-5.23059  6.32734  -643431  0
254274  231114-5.23059  6.32734  -643431  0
254274  231120-5.23059  6.32734  -643431  0
254273  231127-5.23059  6.32734  -643432  0
254272  231133-5.23059  6.32734  -643432  0
254272  231139-5.23059  6.32735  -643432  0
254271  231146-5.23059  6.32735  -643432  0
254270  231152-5.2306  6.32735  -643432  0
254269  231158-5.2306  6.32735  -643432  0
254269  231165-5.2306  6.32735  -643432  0
254268  231171-5.2306  6.32735  -643432  0
254267  231177-5.2306  6.32735  -643433  0
254267  231184-5.2306  6.32736  -643433  0
254266  231190-5.2306  6.32736  -643433  0
254265  231196-5.2306  6.32736  -643433  0
254265  231203-5.2306  6.32736  -643433  0
254264  231209-5.23061  6.32736  -643433  0
254263  231215-5.23061  6.32736  -643433  0
254262  231222-5.23061  6.32736  -643434  0
254262  231228-5.23061  6.32736  -643434  0
254261  231234-5.23061  6.32737  -643434  0
254260  231240-5.23061  6.32737  -643434  0
254260  231247-5.23061  6.32737  -643434  0
254259  231253-5.23061  6.32737  -643434  0
254258  231259-5.23061  6.32737  -643434  0
254258  231266-5.23062  6.32737  -643435  0
254257  231272-5.23062  6.32737  -643435  0
254256  231278-5.23062  6.32738  -643435  0
254255  231285-5.23062  6.32738  -643435  0
254255  231291-5.23062  6.32738  -643435  0
254254  231297-5.23062  6.32738  -643435  0
254253  231304-5.23062  6.32738  -643435  0
254253  231310-5.23062  6.32738  -643435  0
254252  231316-5.23062  6.32738  -643436  0
254251  231323-5.23063  6.32738  -643436  0
254251  231329-5.23063  6.32739  -643436  0
254250  231335-5.23063  6.32739  -643436  0
254249  231342-5.23063  6.32739  -643436  0
254248  231348-5.23063  6.32739  -643436  0
254248  231354-5.23063  6.32739  -643436  0
254247  231361-5.23063  6.32739  -643437  0
254246  231367-5.23063  6.32739  -643437  0
254246  231373-5.23063  6.3274  -643437  0
254245  231380-5.23064  6.3274  -643437  0
254244  231386-5.23064  6.3274  -643437  0
254244  231392-5.23064  6.3274  -643437  0
254243  231399-5.23064  6.3274  -643437  0
254242  231405-5.23064  6.3274  -643438  0
254241  231411-5.23064  6.3274  -643438  0
254241  231418-5.23064  6.3274  -643438  0
254240  231424-5.23064  6.32741  -643438  0
254239  231430-5.23064  6.32741  -643438  0
254239  231437-5.23065  6.32741  -643438  0
254238  231443-5.23065  6.32741  -643438  0
254237  231449-5.23065  6.32741  -643438  0
254237  231456-5.23065  6.32741  -643439  0
254236  231462-5.23065  6.32741  -643439  0
254235  231468-5.23065  6.32742  -643439  0
254234  231475-5.23065  6.32742  -643439  0
254234  231481-5.23065  6.32742  -643439  0
254233  231487-5.23065  6.32742  -643439  0
254232  231494-5.23066  6.32742  -643439  0
254232  231500-5.23066  6.32742  -643440  0
254231  231506-5.23066  6.32742  -643440  0
254230  231513-5.23066  6.32742  -643440  0
254230  231519-5.23066  6.32743  -643440  0
254229  231525-5.23066  6.32743  -643440  0
254228  231532-5.23066  6.32743  -643440  0
254227  231538-5.23066  6.32743  -643440  0
254227  231544-5.23066  6.32743  -643440  0
254226  231551-5.23067  6.32743  -643441  0
254225  231557-5.23067  6.32743  -643441  0
254225  231563-5.23067  6.32744  -643441  0
254224  231570-5.23067  6.32744  -643441  0
254223  231576-5.23067  6.32744  -643441  0
254223  231582-5.23067  6.32744  -643441  0
254222  231589-5.23067  6.32744  -643441  0
254221  231595-5.23067  6.32744  -643442  0
254220  231601-5.23067  6.32744  -643442  0
254220  231607-5.23068  6.32744  -643442  0
254219  231614-5.23068  6.32745  -643442  0
254218  231620-5.23068  6.32745  -643442  0
254218  231626-5.23068  6.32745  -643442  0
254217  231633-5.23068  6.32745  -643442  0
254216  231639-5.23068  6.32745  -643443  0
254216  231645-5.23068  6.32745  -643443  0
254215  231652-5.23068  6.32745  -643443  0
254214  231658-5.23068  6.32746  -643443  0
254213  231664-5.23069  6.32746  -643443  0
254213  231671-5.23069  6.32746  -643443  0
254212  231677-5.23069  6.32746  -643443  0
254211  231683-5.23069  6.32746  -643443  0
254211  231690-5.23069  6.32746  -643444  0
254210  231696-5.23069  6.32746  -643444  0
254209  231702-5.23069  6.32746  -643444  0
254209  231709-5.23069  6.32747  -643444  0
254208  231715-5.23069  6.32747  -643444  0
254207  231721-5.2307  6.32747  -643444  0
254206  231728-5.2307  6.32747  -643444  0
254206  231734-5.2307  6.32747  -643445  0
254205  231740-5.2307  6.32747  -643445  0
254204  231747-5.2307  6.32747  -643445  0
254204  231753-5.2307  6.32748  -643445  0
254203  231759-5.2307  6.32748  -643445  0
254202  231766-5.2307  6.32748  -643445  0
254202  231772-5.2307  6.32748  -643445  0
254201  231778-5.23071  6.32748  -643446  0
254200  231785-5.23071  6.32748  -643446  0
254199  231791-5.23071  6.32748  -643446  0
254199  231797-5.23071  6.32748  -643446  0
254198  231804-5.23071  6.32749  -643446  0
254197  231810-5.23071  6.32749  -643446  0
254197  231816-5.23071  6.32749  -643446  0
254196  231823-5.23071  6.32749  -643446  0
254195  231829-5.23071  6.32749  -643447  0
254195  231835-5.23072  6.32749  -643447  0
254194  231842-5.23072  6.32749  -643447  0
254193  231848-5.23072  6.3275  -643447  0
254192  231854-5.23072  6.3275  -643447  0
254192  231861-5.23072  6.3275  -643447  0
254191  231867-5.23072  6.3275  -643447  0
254190  231873-5.23072  6.3275  -643448  0
254190  231880-5.23072  6.3275  -643448  0
254189  231886-5.23072  6.3275  -643448  0
254188  231892-5.23073  6.3275  -643448  0
254188  231899-5.23073  6.32751  -643448  0
254187  231905-5.23073  6.32751  -643448  0
254186  231911-5.23073  6.32751  -643448  0
254185  231918-5.23073  6.32751  -643448  0
254185  231924-5.23073  6.32751  -643449  0
254184  231930-5.23073  6.32751  -643449  0
254183  231937-5.23073  6.32751  -643449  0
254183  231943-5.23073  6.32752  -643449  0
254182  231949-5.23073  6.32752  -643449  0
254181  231955-5.23074  6.32752  -643449  0
254181  231962-5.23074  6.32752  -643449  0
254180  231968-5.23074  6.32752  -643450  0
254179  231974-5.23074  6.32752  -643450  0
254179  231981-5.23074  6.32752  -643450  0
254178  231987-5.23074  6.32752  -643450  0
254177  231993-5.23074  6.32753  -643450  0
254176  232000-5.23074  6.32753  -643450  0
254176  232006-5.23074  6.32753  -643450  0
254175  232012-5.23075  6.32753  -643451  0
254174  232019-5.23075  6.32753  -643451  0
254174  232025-5.23075  6.32753  -643451  0
254173  232031-5.23075  6.32753  -643451  0
254172  232038-5.23075  6.32754  -643451  0
254172  232044-5.23075  6.32754  -643451  0
254171  232050-5.23075  6.32754  -643451  0
254170  232057-5.23075  6.32754  -643451  0
254169  232063-5.23075  6.32754  -643452  0
254169  232069-5.23076  6.32754  -643452  0
254168  232076-5.23076  6.32754  -643452  0
254167  232082-5.23076  6.32754  -643452  0
254167  232088-5.23076  6.32755  -643452  0
254166  232095-5.23076  6.32755  -643452  0
254165  232101-5.23076  6.32755  -643452  0
254165  232107-5.23076  6.32755  -643453  0
254164  232114-5.23076  6.32755  -643453  0
254163  232120-5.23076  6.32755  -643453  0
254162  232126-5.23077  6.32755  -643453  0
254162  232133-5.23077  6.32756  -643453  0
254161  232139-5.23077  6.32756  -643453  0
254160  232145-5.23077  6.32756  -643453  0
254160  232152-5.23077  6.32756  -643454  0
254159  232158-5.23077  6.32756  -643454  0
254158  232164-5.23077  6.32756  -643454  0
254158  232171-5.23077  6.32756  -643454  0
254157  232177-5.23077  6.32756  -643454  0
254156  232183-5.23078  6.32757  -643454  0
254155  232190-5.23078  6.32757  -643454  0
254155  232196-5.23078  6.32757  -643454  0
254154  232202-5.23078  6.32757  -643455  0
254153  232209-5.23078  6.32757  -643455  0
254153  232215-5.23078  6.32757  -643455  0
254152  232221-5.23078  6.32757  -643455  0
254151  232228-5.23078  6.32758  -643455  0
254151  232234-5.23078  6.32758  -643455  0
254150  232240-5.23079  6.32758  -643455  0
254149  232247-5.23079  6.32758  -643456  0
254148  232253-5.23079  6.32758  -643456  0
254148  232259-5.23079  6.32758  -643456  0
254147  232266-5.23079  6.32758  -643456  0
254146  232272-5.23079  6.32758  -643456  0
254146  232278-5.23079  6.32759  -643456  0
254145  232285-5.23079  6.32759  -643456  0
254144  232291-5.23079  6.32759  -643457  0
254144  232297-5.2308  6.32759  -643457  0
254143  232304-5.2308  6.32759  -643457  0
254142  232310-5.2308  6.32759  -643457  0
254141  232316-5.2308  6.32759  -643457  0
254141  232322-5.2308  6.3276  -643457  0
254140  232329-5.2308  6.3276  -643457  0
254139  232335-5.2308  6.3276  -643457  0
254139  232341-5.2308  6.3276  -643458  0
254138  232348-5.2308  6.3276  -643458  0
254137  232354-5.23081  6.3276  -643458  0
254137  232360-5.23081  6.3276  -643458  0
254136  232367-5.23081  6.3276  -643458  0
254135  232373-5.23081  6.32761  -643458  0
254134  232379-5.23081  6.32761  -643458  0
254134  232386-5.23081  6.32761  -643459  0
254133  232392-5.23081  6.32761  -643459  0
254132  232398-5.23081  6.32761  -643459  0
254132  232405-5.23081  6.32761  -643459  0
254131  232411-5.23082  6.32761  -643459  0
254130  232417-5.23082  6.32762  -643459  0
254130  232424-5.23082  6.32762  -643459  0
254129  232430-5.23082  6.32762  -643459  0
254128  232436-5.23082  6.32762  -643460  0
254127  232443-5.23082  6.32762  -643460  0
254127  232449-5.23082  6.32762  -643460  0
254126  232455-5.23082  6.32762  -643460  0
254125  232462-5.23082  6.32762  -643460  0
254125  232468-5.23083  6.32763  -643460  0
254124  232474-5.23083  6.32763  -643460  0
254123  232481-5.23083  6.32763  -643461  0
254123  232487-5.23083  6.32763  -643461  0
254122  232493-5.23083  6.32763  -643461  0
254121  232500-5.23083  6.32763  -643461  0
254120  232506-5.23083  6.32763  -643461  0
254120  232512-5.23083  6.32764  -643461  0
254119  232519-5.23083  6.32764  -643461  0
254118  232525-5.23084  6.32764  -643462  0
254118  232531-5.23084  6.32764  -643462  0
254117  232538-5.23084  6.32764  -643462  0
254116  232544-5.23084  6.32764  -643462  0
254116  232550-5.23084  6.32764  -643462  0
254115  232557-5.23084  6.32765  -643462  0
254114  232563-5.23084  6.32765  -643462  0
254113  232569-5.23084  6.32765  -643462  0
254113  232576-5.23084  6.32765  -643463  0
254112  232582-5.23085  6.32765  -643463  0
254111  232588-5.23085  6.32765  -643463  0
254111  232595-5.23085  6.32765  -643463  0
254110  232601-5.23085  6.32765  -643463  0
254109  232607-5.23085  6.32766  -643463  0
254109  232614-5.23085  6.32766  -643463  0
254108  232620-5.23085  6.32766  -643464  0
254107  232626-5.23085  6.32766  -643464  0
254106  232633-5.23085  6.32766  -643464  0
254106  232639-5.23086  6.32766  -643464  0
254105  232645-5.23086  6.32766  -643464  0
254104  232652-5.23086  6.32767  -643464  0
254104  232658-5.23086  6.32767  -643464  0
254103  232664-5.23086  6.32767  -643465  0
254102  232671-5.23086  6.32767  -643465  0
254102  232677-5.23086  6.32767  -643465  0
254101  232683-5.23086  6.32767  -643465  0
254100  232689-5.23086  6.32767  -643465  0
254099  232696-5.23087  6.32767  -643465  0
254099  232702-5.23087  6.32768  -643465  0
254098  232708-5.23087  6.32768  -643465  0
254097  232715-5.23087  6.32768  -643466  0
254097  232721-5.23087  6.32768  -643466  0
254096  232727-5.23087  6.32768  -643466  0
254095  232734-5.23087  6.32768  -643466  0
254095  232740-5.23087  6.32768  -643466  0
254094  232746-5.23087  6.32769  -643466  0
254093  232753-5.23088  6.32769  -643466  0
254092  232759-5.23088  6.32769  -643467  0
254092  232765-5.23088  6.32769  -643467  0
254091  232772-5.23088  6.32769  -643467  0
254090  232778-5.23088  6.32769  -643467  0
254090  232784-5.23088  6.32769  -643467  0
254089  232791-5.23088  6.32769  -643467  0
254088  232797-5.23088  6.3277  -643467  0
254088  232803-5.23088  6.3277  -643467  0
254087  232810-5.23089  6.3277  -643468  0
254086  232816-5.23089  6.3277  -643468  0
254085  232822-5.23089  6.3277  -643468  0
254085  232829-5.23089  6.3277  -643468  0
254084  232835-5.23089  6.3277  -643468  0
254083  232841-5.23089  6.32771  -643468  0
254083  232848-5.23089  6.32771  -643468  0
254082  232854-5.23089  6.32771  -643469  0
254081  232860-5.23089  6.32771  -643469  0
254081  232867-5.23089  6.32771  -643469  0
254080  232873-5.2309  6.32771  -643469  0
254079  232879-5.2309  6.32771  -643469  0
254078  232886-5.2309  6.32771  -643469  0
254078  232892-5.2309  6.32772  -643469  0
254077  232898-5.2309  6.32772  -643470  0
254076  232905-5.2309  6.32772  -643470  0
254076  232911-5.2309  6.32772  -643470  0
254075  232917-5.2309  6.32772  -643470  0
254074  232924-5.2309  6.32772  -643470  0
254074  232930-5.23091  6.32772  -643470  0
254073  232936-5.23091  6.32773  -643470  0
254072  232943-5.23091  6.32773  -643470  0
254071  232949-5.23091  6.32773  -643471  0
254071  232955-5.23091  6.32773  -643471  0
254070  232962-5.23091  6.32773  -643471  0
254069  232968-5.23091  6.32773  -643471  0
254069  232974-5.23091  6.32773  -643471  0
254068  232981-5.23091  6.32773  -643471  0
254067  232987-5.23092  6.32774  -643471  0
254067  232993-5.23092  6.32774  -643472  0
254066  233000-5.23092  6.32774  -643472  0
254065  233006-5.23092  6.32774  -643472  0
254064  233012-5.23092  6.32774  -643472  0
254064  233019-5.23092  6.32774  -643472  0
254063  233025-5.23092  6.32774  -643472  0
254062  233031-5.23092  6.32775  -643472  0
254062  233038-5.23092  6.32775  -643473  0
254061  233044-5.23093  6.32775  -643473  0
254060  233050-5.23093  6.32775  -643473  0
254060  233057-5.23093  6.32775  -643473  0
254059  233063-5.23093  6.32775  -643473  0
254058  233069-5.23093  6.32775  -643473  0
254058  233075-5.23093  6.32775  -643473  0
254057  233082-5.23093  6.32776  -643473  0
254056  233088-5.23093  6.32776  -643474  0
254055  233094-5.23093  6.32776  -643474  0
254055  233101-5.23094  6.32776  -643474  0
254054  233107-5.23094  6.32776  -643474  0
254053  233113-5.23094  6.32776  -643474  0
254053  233120-5.23094  6.32776  -643474  0
254052  233126-5.23094  6.32777  -643474  0
254051  233132-5.23094  6.32777  -643475  0
254051  233139-5.23094  6.32777  -643475  0
254050  233145-5.23094  6.32777  -643475  0
254049  233151-5.23094  6.32777  -643475  0
254048  233158-5.23095  6.32777  -643475  0
254048  233164-5.23095  6.32777  -643475  0
254047  233170-5.23095  6.32777  -643475  0
254046  233177-5.23095  6.32778  -643476  0
254046  233183-5.23095  6.32778  -643476  0
254045  233189-5.23095  6.32778  -643476  0
254044  233196-5.23095  6.32778  -643476  0
254044  233202-5.23095  6.32778  -643476  0
254043  233208-5.23095  6.32778  -643476  0
254042  233215-5.23096  6.32778  -643476  0
254041  233221-5.23096  6.32779  -643476  0
254041  233227-5.23096  6.32779  -643477  0
254040  233234-5.23096  6.32779  -643477  0
254039  233240-5.23096  6.32779  -643477  0
254039  233246-5.23096  6.32779  -643477  0
254038  233253-5.23096  6.32779  -643477  0
254037  233259-5.23096  6.32779  -643477  0
254037  233265-5.23096  6.32779  -643477  0
254036  233272-5.23097  6.3278  -643478  0
254035  233278-5.23097  6.3278  -643478  0
254034  233284-5.23097  6.3278  -643478  0
254034  233291-5.23097  6.3278  -643478  0
254033  233297-5.23097  6.3278  -643478  0
254032  233303-5.23097  6.3278  -643478  0
254032  233310-5.23097  6.3278  -643478  0
254031  233316-5.23097  6.32781  -643478  0
254030  233322-5.23097  6.32781  -643479  0
254030  233329-5.23098  6.32781  -643479  0
254029  233335-5.23098  6.32781  -643479  0
254028  233341-5.23098  6.32781  -643479  0
254027  233348-5.23098  6.32781  -643479  0
254027  233354-5.23098  6.32781  -643479  0
254026  233360-5.23098  6.32781  -643479  0
254025  233367-5.23098  6.32782  -643480  0
254025  233373-5.23098  6.32782  -643480  0
254024  233379-5.23098  6.32782  -643480  0
254023  233386-5.23099  6.32782  -643480  0
254023  233392-5.23099  6.32782  -643480  0
254022  233398-5.23099  6.32782  -643480  0
254021  233405-5.23099  6.32782  -643480  0
254020  233411-5.23099  6.32783  -643481  0
254020  233417-5.23099  6.32783  -643481  0
254019  233424-5.23099  6.32783  -643481  0
254018  233430-5.23099  6.32783  -643481  0
254018  233436-5.23099  6.32783  -643481  0
254017  233442-5.231  6.32783  -643481  0
254016  233449-5.231  6.32783  -643481  0
254016  233455-5.231  6.32783  -643481  0
254015  233461-5.231  6.32784  -643482  0
254014  233468-5.231  6.32784  -643482  0
254013  233474-5.231  6.32784  -643482  0
254013  233480-5.231  6.32784  -643482  0
254012  233487-5.231  6.32784  -643482  0
254011  233493-5.231  6.32784  -643482  0
254011  233499-5.23101  6.32784  -643482  0
254010  233506-5.23101  6.32785  -643483  0
254009  233512-5.23101  6.32785  -643483  0
254009  233518-5.23101  6.32785  -643483  0
254008  233525-5.23101  6.32785  -643483  0
254007  233531-5.23101  6.32785  -643483  0
254006  233537-5.23101  6.32785  -643483  0
254006  233544-5.23101  6.32785  -643483  0
254005  233550-5.23101  6.32785  -643484  0
254004  233556-5.23102  6.32786  -643484  0
254004  233563-5.23102  6.32786  -643484  0
254003  233569-5.23102  6.32786  -643484  0
254002  233575-5.23102  6.32786  -643484  0
254002  233582-5.23102  6.32786  -643484  0
254001  233588-5.23102  6.32786  -643484  0
254000  233594-5.23102  6.32786  -643484  0
253999  233601-5.23102  6.32787  -643485  0
253999  233607-5.23102  6.32787  -643485  0
253998  233613-5.23103  6.32787  -643485  0
253997  233620-5.23103  6.32787  -643485  0
253997  233626-5.23103  6.32787  -643485  0
253996  233632-5.23103  6.32787  -643485  0
253995  233639-5.23103  6.32787  -643485  0
253995  233645-5.23103  6.32787  -643486  0
253994  233651-5.23103  6.32788  -643486  0
253993  233658-5.23103  6.32788  -643486  0
253992  233664-5.23103  6.32788  -643486  0
253992  233670-5.23104  6.32788  -643486  0
253991  233677-5.23104  6.32788  -643486  0
253990  233683-5.23104  6.32788  -643486  0
253990  233689-5.23104  6.32788  -643487  0
253989  233696-5.23104  6.32789  -643487  0
253988  233702-5.23104  6.32789  -643487  0
253988  233708-5.23104  6.32789  -643487  0
253987  233715-5.23104  6.32789  -643487  0
253986  233721-5.23104  6.32789  -643487  0
253985  233727-5.23105  6.32789  -643487  0
253985  233734-5.23105  6.32789  -643487  0
253984  233740-5.23105  6.32789  -643488  0
253983  233746-5.23105  6.3279  -643488  0
253983  233753-5.23105  6.3279  -643488  0
253982  233759-5.23105  6.3279  -643488  0
253981  233765-5.23105  6.3279  -643488  0
253981  233772-5.23105  6.3279  -643488  0
253980  233778-5.23105  6.3279  -643488  0
253979  233784-5.23105  6.3279  -643489  0
253978  233791-5.23106  6.32791  -643489  0
253978  233797-5.23106  6.32791  -643489  0
253977  233803-5.23106  6.32791  -643489  0
253976  233810-5.23106  6.32791  -643489  0
253976  233816-5.23106  6.32791  -643489  0
253975  233822-5.23106  6.32791  -643489  0
253974  233828-5.23106  6.32791  -643489  0
253974  233835-5.23106  6.32791  -643490  0
253973  233841-5.23106  6.32792  -643490  0
253972  233847-5.23107  6.32792  -643490  0
253971  233854-5.23107  6.32792  -643490  0
253971  233860-5.23107  6.32792  -643490  0
253970  233866-5.23107  6.32792  -643490  0
253969  233873-5.23107  6.32792  -643490  0
253969  233879-5.23107  6.32792  -643491  0
253968  233885-5.23107  6.32793  -643491  0
253967  233892-5.23107  6.32793  -643491  0
253967  233898-5.23107  6.32793  -643491  0
253966  233904-5.23108  6.32793  -643491  0
253965  233911-5.23108  6.32793  -643491  0
253964  233917-5.23108  6.32793  -643491  0
253964  233923-5.23108  6.32793  -643492  0
253963  233930-5.23108  6.32793  -643492  0
253962  233936-5.23108  6.32794  -643492  0
253962  233942-5.23108  6.32794  -643492  0
253961  233949-5.23108  6.32794  -643492  0
253960  233955-5.23108  6.32794  -643492  0
253960  233961-5.23109  6.32794  -643492  0
253959  233968-5.23109  6.32794  -643492  0
253958  233974-5.23109  6.32794  -643493  0
253957  233980-5.23109  6.32795  -643493  0
253957  233987-5.23109  6.32795  -643493  0
253956  233993-5.23109  6.32795  -643493  0
253955  233999-5.23109  6.32795  -643493  0
253955  234006-5.23109  6.32795  -643493  0
253954  234012-5.23109  6.32795  -643493  0
253953  234018-5.2311  6.32795  -643494  0
253953  234025-5.2311  6.32795  -643494  0
253952  234031-5.2311  6.32796  -643494  0
253951  234037-5.2311  6.32796  -643494  0
253950  234044-5.2311  6.32796  -643494  0
253950  234050-5.2311  6.32796  -643494  0
253949  234056-5.2311  6.32796  -643494  0
253948  234063-5.2311  6.32796  -643495  0
253948  234069-5.2311  6.32796  -643495  0
253947  234075-5.23111  6.32797  -643495  0
253946  234082-5.23111  6.32797  -643495  0
253946  234088-5.23111  6.32797  -643495  0
253945  234094-5.23111  6.32797  -643495  0
253944  234101-5.23111  6.32797  -643495  0
253943  234107-5.23111  6.32797  -643495  0
253943  234113-5.23111  6.32797  -643496  0
253942  234120-5.23111  6.32797  -643496  0
253941  234126-5.23111  6.32798  -643496  0
253941  234132-5.23112  6.32798  -643496  0
253940  234139-5.23112  6.32798  -643496  0
253939  234145-5.23112  6.32798  -643496  0
253939  234151-5.23112  6.32798  -643496  0
253938  234158-5.23112  6.32798  -643497  0
253937  234164-5.23112  6.32798  -643497  0
253936  234170-5.23112  6.32799  -643497  0
253936  234177-5.23112  6.32799  -643497  0
253935  234183-5.23112  6.32799  -643497  0
253934  234189-5.23113  6.32799  -643497  0
253934  234196-5.23113  6.32799  -643497  0
253933  234202-5.23113  6.32799  -643497  0
253932  234208-5.23113  6.32799  -643498  0
253932  234215-5.23113  6.32799  -643498  0
253931  234221-5.23113  6.328  -643498  0
253930  234227-5.23113  6.328  -643498  0
253930  234233-5.23113  6.328  -643498  0
253929  234240-5.23113  6.328  -643498  0
253928  234246-5.23114  6.328  -643498  0
253927  234252-5.23114  6.328  -643499  0
253927  234259-5.23114  6.328  -643499  0
253926  234265-5.23114  6.32801  -643499  0
253925  234271-5.23114  6.32801  -643499  0
253925  234278-5.23114  6.32801  -643499  0
253924  234284-5.23114  6.32801  -643499  0
253923  234290-5.23114  6.32801  -643499  0
253923  234297-5.23114  6.32801  -643500  0
