posizione y-x   velocità y-x    forza y-x
11.1695  6004.822.3389  1.79962e-07  2.11594e+07  0.17046
44.7382  12009.644.7985  3.60744e-07  2.09862e+07  0.168922
100.58  18014.466.8851  5.38991e-07  2.0355e+07  0.164272
178.076  24019.288.1076  7.11365e-07  1.9287e+07  0.156654
276.14  30024108.02  8.74838e-07  1.78416e+07  0.146471
393.28  36028.8126.26  1.02695e-06  1.61099e+07  0.134343
527.699  42033.6142.577  1.16598e-06  1.4202e+07  0.121016
677.408  48038.4156.84  1.29106e-06  1.22317e+07  0.107266
840.345  54043.2169.035  1.40208e-06  1.03023e+07  0.0937936
1003.08  60048156.445  1.40208e-06  -1.02353e+07  0
1154.36  66052.8146.11  1.40208e-06  -8.36963e+06  0
1296.17  72057.6137.505  1.40208e-06  -6.9404e+06  0
1430.05  78062.4130.26  1.40208e-06  -5.82058e+06  0
1557.23  84067.2124.103  1.40208e-06  -4.9267e+06  0
1678.7  90072118.831  1.40208e-06  -4.20194e+06  0
1795.26  96076.8114.288  1.40208e-06  -3.60647e+06  0
1907.58  102082110.352  1.40349e-06  -3.11163e+06  0.00110812
2016.22  108086106.928  1.40836e-06  -2.69636e+06  0.00383843
2121.65  114091103.938  1.41618e-06  -2.3449e+06  0.00613522
2224.28  120096101.319  1.42653e-06  -2.04524e+06  0.00808013
2324.45  12610199.0199  1.43905e-06  -1.78808e+06  0.00973626
2422.46  13210696.9981  1.45345e-06  -1.56615e+06  0.0111531
2518.57  13811095.2173  1.46948e-06  -1.37367e+06  0.0123698
2613  14411593.6474  1.48695e-06  -1.20601e+06  0.0134179
2705.96  15012092.2626  1.50567e-06  -1.05941e+06  0.0143229
2797.61  15612591.0407  1.5255e-06  -930802  0.0151057
2888.11  16213089.9629  1.54631e-06  -817659  0.0157835
2977.6  16813489.0125  1.56798e-06  -717871  0.0163705
3066.19  17413988.1754  1.59042e-06  -629675  0.0168788
3154  18014487.439  1.61354e-06  -551584  0.0173184
3241.11  18614986.7921  0.0305387  -482433  22774.6
3327.62  19215486.2253  0.0617739  -420896  23195.3
3413.6  19815985.7301  0.0936323  -366203  23556.1
3499.11  20416385.2978  0.183042  -318245  65823.1
3584.22  21016984.9229  0.273826  -274811  66545.2
3668.99  21617484.5993  0.365841  -236148  67152.2
3753.44  22217984.3198  0.518222  -203097  110720
3837.65  22818484.0817  0.672219  -172256  111402
3921.63  23419083.8806  0.827661  -144819  111949
4005.42  24019683.7089  1.06019  -123088  166724
4089.06  24620283.5673  1.29445  -101086  167213
4172.57  25220883.4525  1.53024  -81578.2  167555
4255.97  25821483.3549  1.86245  -69040.5  235003
4339.29  26422183.2793  2.19639  -53264.8  235165
4422.54  27022883.2231  2.53188  -39386.5  235172
4505.74  27623683.1841  2.86871  -27208.7  235040
4588.91  28224483.1521  3.29422  -22210.5  295565
4672.06  28825283.1341  3.72109  -12414.5  295139
4755.19  29426183.1284  4.14913  -3961.16  294574
4838.32  30027083.1332  4.57816  3290.37  293885
4921.45  30627983.1369  5.09681  2525.15  353618
5004.6  31229083.1491  5.61639  8266.94  352583
5087.75  31830083.1683  6.13671  13011.2  351422
5170.93  32431283.1781  6.76768  6574.68  424142
5254.11  33032383.1936  7.39932  10343  422563
5337.32  33633683.2134  8.03141  13205.8  420847
5420.54  34234983.2365  8.66378  15265.5  419010
5503.78  34836383.2441  9.40199  5058.4  486774
5587.03  35437783.2539  10.1403  6430.61  484477
5670.29  36039383.2647  10.8785  7035.76  482045
5753.56  36640983.2754  11.6164  6966.66  479493
5836.83  37242683.2687  12.4408  -4366.05  533051
5920.1  37844383.2608  13.2646  -5081.1  530041
6003.35  38446283.2507  14.0876  -6428.16  526906
6086.6  39048183.2377  14.9097  -8323.87  523663
6169.83  39650183.2208  15.7307  -10693.5  520328
6253.03  40252283.1832  16.6277  -23739.7  565647
6336.19  40854483.1407  17.5232  -26630.7  561853
6419.31  41456783.0927  18.4171  -29969.4  557963
6502.37  42059183.0384  19.3092  -33687.8  553992
6585.38  42661582.9691  20.2362  -42849.5  572682
6668.31  43264182.8924  21.161  -47128  568406
6751.16  43866782.8079  22.0836  -51690.6  564069
6833.92  44469482.715  23.0038  -56486.5  559681
6916.58  45072382.6104  23.9345  -63286.2  563079
6999.14  45675282.4966  24.8626  -68452.2  558543
7081.57  46278282.3734  25.7881  -73750.7  553980
7163.88  46881382.2405  26.7108  -79149.1  549397
7246.05  47484582.0976  27.6308  -84619.1  544800
7328.07  48087881.9446  28.5479  -90136.3  540197
7409.93  48691281.7749  29.4889  -99388.1  551220
7491.61  49294681.5944  30.4268  -105150  546416
7573.11  49898281.403  31.3616  -110919  541614
7654.41  50501981.2005  32.2932  -116680  536817
7735.5  51105680.9782  33.2571  -127397  552285
7816.36  51709580.7439  34.2174  -133498  547208
7896.98  52313480.4976  35.1743  -139559  542145
7977.35  52917580.2392  36.1276  -145571  537099
8057.46  53521679.9687  37.0774  -151526  532071
8137.28  54125979.6804  38.046  -160573  539497
8216.81  54730279.3793  39.0107  -166751  534288
8296.03  55334679.0654  39.9717  -172842  529106
8374.93  55939178.7387  40.9288  -178846  523951
8453.5  56543878.3992  41.8822  -184763  518822
8531.73  57148578.0469  42.8318  -190593  513720
8609.59  57753377.6735  43.8093  -200806  525729
8687.07  58358277.286  44.7826  -207157  520306
8764.15  58963276.8845  45.7516  -213367  514924
8840.83  59568376.469  46.7163  -219447  509582
8917.08  60173576.0397  47.6769  -225406  504276
8992.9  60778875.5965  48.6332  -231252  499005
9068.26  61384275.1294  49.6225  -242239  513071
9143.15  61989774.6464  50.6069  -248916  507348
9217.55  62595374.1478  51.5864  -255389  501686
9291.44  63201073.6337  52.561  -261684  496079
9364.81  63806873.1042  53.5308  -267820  490520
9437.64  64412672.5594  54.4958  -273816  485006
9509.92  65018671.9922  55.4814  -283257  492223
9581.62  65624771.408  56.4616  -289885  486374
9652.72  66230970.807  57.4364  -296305  480589
9723.22  66837170.1893  58.4059  -302547  474861
9793.09  67443569.555  59.3701  -308634  469182
9862.32  68050068.9042  60.3291  -314590  463545
9930.89  68656568.2271  61.3165  -325150  474174
9998.77  69263267.5305  62.2976  -332278  467975
10065.9  69870066.8147  63.2724  -339129  461863
10132.4  70476866.08  64.241  -345751  455825
10198.1  71083865.3265  65.2035  -352185  449849
10263  71690864.5543  66.1598  -358465  443923
10327.2  72298063.7486  67.1586  -371441  460443
10390.5  72905262.919  68.1492  -379805  453532
10453  73512562.066  69.132  -387738  446762
10514.6  74120061.1903  70.107  -395326  440107
10575.4  74727560.4228  71.1152  -330015  433543
10635.5  75335259.6061  72.1074  -348578  423468
10694.6  75942958.7455  73.0853  -364534  414217
10752.9  76550757.8454  74.0501  -378412  405623
10810.3  77158756.8931  75.0527  -397305  418260
10866.7  77766755.9002  76.0411  -411046  409219
10922.1  78374854.8698  77.0165  -423267  400689
10976.4  78983153.8043  77.9796  -434301  392560
11029.7  79591452.7054  78.931  -444417  384742
11086.4  80200060.6572  82.8762  3.19028e+06  1.58283e+06
11150.8  80808968.2486  86.6997  3.02136e+06  1.52173e+06
11222.7  81418375.4588  90.3946  2.84659e+06  1.45874e+06
11301.5  82028082.218  94.1289  2.64692e+06  1.46235e+06
11386.9  82638088.5771  97.7211  2.46985e+06  1.39521e+06
11478.5  83248594.5411  101.173  2.29732e+06  1.3297e+06
11575.8  838592100.122  104.489  2.13177e+06  1.26668e+06
11678.5  844703105.336  107.675  1.97508e+06  1.2068e+06
11786.3  850817110.204  110.738  1.82861e+06  1.15052e+06
11898.7  856934114.708  113.808  1.67716e+06  1.14317e+06
12015.6  863054118.912  116.766  1.55214e+06  1.09216e+06
12136.4  869177122.843  119.622  1.43889e+06  1.0455e+06
12261.1  875303126.529  122.387  1.33721e+06  1.00309e+06
12389.4  881432129.966  125.152  1.23582e+06  994033
12520.9  887563133.207  127.84  1.15503e+06  958094
12655.7  893697136.276  130.461  1.08426e+06  925967
12793.4  899834139.198  133.025  1.02275e+06  897369
12934  905973141.978  135.583  963996  887153
13077.3  912114144.651  138.098  918282  864104
13223.3  918258147.235  140.577  879655  843805
13371.8  924405149.727  143.08  840436  843895
13522.7  930554152.162  145.558  813316  827656
13676.1  936706154.555  148.017  791398  813488
13831.8  942860156.893  150.523  766142  821117
13989.8  949016159.212  153.02  752293  809833
14150.2  955175161.523  155.511  742209  800092
14312.9  961337163.836  158.001  735478  791727
14477.9  967501166.136  160.551  724199  802899
14645.2  973668168.455  163.107  722432  796386
14814.8  979837170.8  165.671  723115  790907
14986.8  986009173.161  168.29  720608  799135
15161.1  992183175.561  170.923  724967  795125
15337.9  998360178.008  173.573  731146  791899
15517.2  1.00454e+06180.495  176.274  735049  798545
15698.9  1.01072e+06183.039  178.998  744019  796489
15883.3  1.01691e+06185.648  181.747  754388  795046
16070.3  1.0231e+06188.315  184.551  762713  801845
16259.9  1.02929e+06191.056  187.385  775259  801344
16452.4  1.03548e+06193.878  190.251  788936  801345
16647.7  1.04168e+06196.768  193.191  798939  812589
16846  1.04788e+06199.749  196.168  814262  813325
17047.3  1.05408e+06202.825  199.184  830570  814505
17251.7  1.06028e+06205.979  202.296  841569  830076
17459.3  1.06649e+06209.239  205.451  859194  831878
17670.2  1.0727e+06212.609  208.655  877740  834105
17884.6  1.07892e+06216.061  211.988  887748  857303
18102.4  1.08514e+06219.633  215.374  907304  860062
18323.9  1.09136e+06223.285  218.915  915983  888166
18549  1.09759e+06227.068  222.516  936483  891470
18778.1  1.10381e+06230.987  226.179  957944  895245
19011.1  1.11005e+06235.002  230.01  968302  924060
19248.1  1.11628e+06239.165  233.911  990808  928476
19489.4  1.12252e+06243.446  237.963  1.00526e+06  951329
19735.1  1.12877e+06247.89  242.093  1.02915e+06  956558
19985.3  1.13502e+06252.505  246.306  1.05407e+06  962315
20240.2  1.14127e+06257.268  250.67  1.07271e+06  982748
20564.9  1.14745e+06326.497  171.706  817675  861649
20969.9  1.15367e+06401.575  215.262  -1.51271e+06  0
21461.5  1.15994e+06480.764  264.762  -4.66907e+06  0
22040.7  1.16626e+06558.811  320.337  -8.687e+06  0
22703.9  1.17264e+06631.268  376.167  -1.33347e+07  0
23441.5  1.17908e+06693.332  430.999  -1.8228e+07  0
24237.9  1.18557e+06740.281  484.171  -2.27868e+07  0
25074.7  1.1921e+06770.625  529.885  -2.64049e+07  0
25931.6  1.19867e+06783.918  568.2  -2.86876e+07  0
26798.5  1.20526e+06789.835  581.416  -2.97719e+07  0
27669.2  1.21185e+06791.087  586.933  -3.02624e+07  0
28539  1.21845e+06788.584  589.291  -3.03365e+07  0
29397.9  1.22505e+06777.576  599.769  -2.98607e+07  0
30238.5  1.23166e+06761.083  602.293  -2.86778e+07  0
31056.9  1.23826e+06741.907  598.104  -2.71023e+07  0
31853.5  1.24485e+06723.487  586.896  -2.54439e+07  0
32629.5  1.25143e+06706.02  575.488  -2.39049e+07  0
33384.9  1.258e+06688.471  566.124  -2.24557e+07  0
34116.4  1.26457e+06667.766  561.879  -2.09432e+07  0
34820.8  1.27113e+06644.665  554.99  -1.92487e+07  0
35494.8  1.27768e+06618.876  547.247  -1.74285e+07  0
36144.1  1.28421e+06598.538  525.355  -1.57082e+07  0
36766.1  1.29074e+06575.12  518.603  -1.42306e+07  0
37358.9  1.29725e+06550.182  507.694  -1.26509e+07  0
37928.2  1.30374e+06530.724  485.68  -1.12027e+07  0
38475.3  1.31022e+06511.706  473.348  -1.00492e+07  0
39000.7  1.31668e+06493.106  461.114  -8.96958e+06  0
39508.6  1.32313e+06478.347  444.352  -8.0149e+06  0
39998  1.32957e+06462.082  436.778  -7.21584e+06  0
40472.1  1.336e+06449.173  421.926  -6.43984e+06  0
40929.4  1.34242e+06434.379  415.725  -5.78585e+06  0
41373  1.34883e+06422.722  402.032  -5.12768e+06  0
41801.6  1.35523e+06409.424  396.143  -4.58094e+06  0
42217.9  1.36162e+06399.042  383.681  -4.02738e+06  0
42621.6  1.368e+06387.841  377.516  -3.57991e+06  0
43015  1.37437e+06379.144  366.919  -3.14009e+06  0
43397.6  1.38074e+06369.568  361.88  -2.78628e+06  0
43771.5  1.3871e+06362.216  352.739  -2.42903e+06  0
44138.8  1.39345e+06356.494  345.723  -2.15836e+06  0
44498.1  1.39979e+06349.365  343.223  -1.93645e+06  0
44851.1  1.40614e+06343.985  336.36  -1.68431e+06  0
45196.1  1.41247e+06336.876  334.499  -1.48367e+06  0
45534.9  1.41881e+06331.731  327.587  -1.24267e+06  0
45869.2  1.42513e+06327.976  322.583  -1.06828e+06  0
46197.2  1.43146e+06322.236  322.121  -933223  0
46520.3  1.43778e+06318.318  316.483  -746456  0
46840.1  1.4441e+06315.648  312.635  -617358  0
47154.3  1.45042e+06310.599  313.37  -523466  0
47464.5  1.45673e+06307.487  308.357  -365021  0
47772.2  1.46304e+06305.634  305.268  -264454  0
48078.4  1.46935e+06304.588  303.651  -200646  13761.9
48380.6  1.47566e+06300.906  306.281  -160170  43351.8
48680.2  1.48197e+06299.127  304.497  -46261.6  147218
48978.5  1.48828e+06298.45  303.819  13870.6  196730
49273.4  1.49458e+06295.334  306.775  41427.2  217366
49566.3  1.50089e+06294.394  305.816  136983  304367
49858.8  1.5072e+06294.534  305.961  173113  330128
50151.7  1.51351e+06295.175  306.618  180061  325832
50442.7  1.51982e+06293.351  310.075  170958  310179
50597.1  1.52612e+0621.8411  299.691  -3.97546e+06  0
50615.7  1.53215e+0615.9136  22.3131  -81675.3  0
50628.9  1.53817e+0610.786  16.2575  -71641.7  0
50637.3  1.54419e+066.17797  11.0191  -65546.5  0
50641.2  1.5502e+061.90056  6.31149  -62114.3  0
50641.1  1.5562e+06-2.18551  1.94163  -60661.2  0
50641.2  1.56221e+06-1.90985  2.23274  -60706.2  0
50641  1.56822e+06-2.17651  1.95112  -60662.6  0
50641.1  1.57422e+06-1.91854  2.22355  -60704.6  0
50641  1.58023e+06-2.16809  1.96  -60663.9  0
50641.1  1.58624e+06-1.92668  2.21495  -60703.2  0
50641  1.59224e+06-2.16022  1.96831  -60665.1  0
50641  1.59825e+06-1.93429  2.2069  -60701.9  0
50640.9  1.60426e+06-2.15285  1.97609  -60666.2  0
50641  1.61027e+06-1.94142  2.19937  -60700.6  0
50640.9  1.61627e+06-2.14595  1.98337  -60667.2  0
50640.9  1.62228e+06-1.94808  2.19233  -60699.5  0
50640.8  1.62829e+06-2.13949  1.99018  -60668.2  0
50640.9  1.63429e+06-1.95433  2.18573  -60698.4  0
50640.8  1.6403e+06-2.13345  1.99656  -60669.2  0
50640.8  1.64631e+06-1.96017  2.17956  -60697.4  0
50640.7  1.65231e+06-2.1278  2.00253  -60670  0
50640.8  1.65832e+06-1.96563  2.17378  -60696.5  0
50640.7  1.66433e+06-2.12251  2.00811  -60670.9  0
50640.8  1.67033e+06-1.97075  2.16838  -60695.6  0
50640.7  1.67634e+06-2.11756  2.01334  -60671.6  0
50640.7  1.68235e+06-1.97553  2.16332  -60694.8  0
50640.6  1.68835e+06-2.11293  2.01823  -60672.4  0
50640.7  1.69436e+06-1.98001  2.15859  -60694  0
50640.6  1.70037e+06-2.10859  2.0228  -60673  0
50640.6  1.70638e+06-1.98421  2.15416  -60693.3  0
50640.5  1.71238e+06-2.10453  2.02709  -60673.7  0
50640.6  1.71839e+06-1.98813  2.15001  -60692.7  0
50640.5  1.7244e+06-2.10074  2.0311  -60674.3  0
50640.5  1.7304e+06-1.9918  2.14614  -60692  0
50640.4  1.73641e+06-2.09718  2.03485  -60674.8  0
50640.5  1.74242e+06-1.99524  2.1425  -60691.5  0
50640.4  1.74842e+06-2.09386  2.03836  -60675.4  0
50640.4  1.75443e+06-1.99846  2.13911  -60690.9  0
50640.4  1.76044e+06-2.09075  2.04164  -60675.9  0
50640.4  1.76644e+06-2.00146  2.13593  -60690.4  0
50640.3  1.77245e+06-2.08783  2.04472  -60676.3  0
50640.3  1.77846e+06-2.00428  2.13295  -60690  0
50640.3  1.78447e+06-2.08511  2.0476  -60676.8  0
50640.3  1.79047e+06-2.00692  2.13017  -60689.5  0
50640.2  1.79648e+06-2.08256  2.05029  -60677.2  0
50640.2  1.80249e+06-2.00938  2.12756  -60689.1  0
50640.2  1.80849e+06-2.08017  2.05281  -60677.6  0
50640.2  1.8145e+06-2.01169  2.12513  -60688.7  0
50640.1  1.82051e+06-2.07794  2.05517  -60677.9  0
50640.1  1.82651e+06-2.01385  2.12284  -60688.4  0
50640.1  1.83252e+06-2.07585  2.05737  -60678.2  0
50640.1  1.83853e+06-2.01587  2.12071  -60688  0
50640  1.84453e+06-2.07389  2.05944  -60678.6  0
50640.1  1.85054e+06-2.01777  2.11871  -60687.7  0
