posizione y-x   velocità y-x    forza y-x
6.378e+06  0.355175  1.18392  2.80204e-08  689790  0.0163256
6.378e+06  1.06701  2.37279  5.60744e-08  691846  0.0163256
6.378e+06  2.137  3.56663  8.41621e-08  693900  0.0163255
6.378e+06  3.56664  4.76544  1.12283e-07  695950  0.0163253
6.37801e+06  5.35741  5.96924  1.40438e-07  697998  0.016325
6.37801e+06  7.51081  7.17801  1.68626e-07  700043  0.0163247
6.37801e+06  10.0283  8.39178  1.96848e-07  702084  0.0163243
6.37801e+06  12.9115  9.61055  2.25103e-07  704123  0.0163238
6.37802e+06  16.1618  10.8343  2.53391e-07  706158  0.0163232
6.37802e+06  19.7807  12.0631  2.81713e-07  708190  0.0163226
6.37802e+06  23.7698  13.2969  3.10068e-07  710219  0.0163219
6.37803e+06  28.1305  14.5357  3.38456e-07  712244  0.0163211
6.37803e+06  32.8644  15.7796  3.66877e-07  714267  0.0163202
6.37804e+06  37.973  17.0285  3.95331e-07  716286  0.0163193
6.37804e+06  43.4577  18.2824  4.23818e-07  718301  0.0163182
6.37805e+06  49.3201  19.5414  4.52338e-07  720314  0.0163171
6.37806e+06  55.5618  20.8055  4.80891e-07  722323  0.0163159
6.37806e+06  62.1842  22.0746  5.09477e-07  724328  0.0163146
6.37807e+06  69.1888  23.3488  5.38096e-07  726330  0.0163133
6.37808e+06  76.5772  24.6281  5.66747e-07  728329  0.0163119
6.37808e+06  84.3509  25.9124  5.95431e-07  730324  0.0163103
6.37809e+06  92.5115  27.2019  6.24148e-07  732315  0.0163087
6.3781e+06  101.06  28.4964  6.52897e-07  734303  0.0163071
6.37811e+06  109.999  29.796  6.81679e-07  736287  0.0163053
6.37812e+06  119.329  31.1008  7.10493e-07  738268  0.0163035
6.37813e+06  129.053  32.4106  7.3934e-07  740245  0.0163015
6.37814e+06  139.17  33.7256  7.68219e-07  742218  0.0162995
6.37815e+06  149.684  35.0457  7.9713e-07  744187  0.0162974
6.37816e+06  160.595  36.3709  8.26073e-07  746153  0.0162953
6.37817e+06  171.906  37.7013  8.55048e-07  748115  0.016293
6.37818e+06  183.617  39.0368  8.84056e-07  750074  0.0162907
6.3782e+06  195.73  40.3775  9.13095e-07  752028  0.0162882
6.37821e+06  208.247  41.7234  9.42167e-07  753979  0.0162857
6.37822e+06  221.169  43.0743  9.7127e-07  755926  0.0162831
6.37823e+06  234.498  44.4305  1.0004e-06  757869  0.0162805
6.37825e+06  248.236  45.7918  1.02957e-06  759808  0.0162777
6.37826e+06  262.384  47.1584  1.05877e-06  761744  0.0162749
6.37828e+06  276.943  48.5301  1.088e-06  763675  0.0162719
6.37829e+06  291.915  49.907  1.11726e-06  765603  0.0162689
6.37831e+06  307.301  51.2891  1.14655e-06  767527  0.0162659
6.37832e+06  323.104  52.6764  1.17588e-06  769446  0.0162627
6.37834e+06  339.325  54.0689  1.20523e-06  771362  0.0162594
6.37836e+06  355.965  55.4666  1.23462e-06  773274  0.0162561
6.37837e+06  373.026  56.8696  1.26404e-06  775182  0.0162527
6.37839e+06  390.509  58.2778  1.29349e-06  777086  0.0162492
6.37841e+06  408.417  59.6912  1.32297e-06  778987  0.0162456
6.37843e+06  426.75  61.1099  1.35248e-06  780883  0.0162419
6.37845e+06  445.51  62.5338  1.38202e-06  782775  0.0162382
6.37846e+06  464.699  63.963  1.4116e-06  784664  0.0162344
6.37848e+06  484.318  65.3974  1.4412e-06  786548  0.0162304
6.3785e+06  504.369  66.8371  1.47083e-06  788428  0.0162265
6.37852e+06  524.853  68.2819  0.0384131  790213  21008.6
6.37855e+06  545.773  69.732  0.0768691  792086  21005.8
6.37857e+06  567.129  71.1863  0.18308  793347  57941.3
6.37859e+06  588.923  72.6458  0.289413  795212  57933.3
6.37861e+06  611.155  74.1085  0.46365  795900  94807.7
6.37863e+06  633.828  75.5765  0.638087  797757  94793.9
6.37866e+06  656.943  77.0498  0.812724  799611  94779.6
6.37868e+06  680.5  78.5243  1.07217  799210  140626
6.3787e+06  704.502  80.0041  1.33191  801056  140604
6.37873e+06  728.946  81.4818  1.69624  798925  196967
6.37875e+06  753.836  82.9649  2.06099  800765  196935
6.37878e+06  779.169  84.4445  2.52077  797853  247923
6.3788e+06  804.948  85.9294  2.98107  799686  247881
6.37883e+06  831.17  87.4088  3.53716  795639  299079
6.37886e+06  857.838  88.8934  4.09389  797466  299026
6.37888e+06  884.949  90.367  4.76915  790491  362225
6.37891e+06  912.502  91.846  5.44518  792313  362158
6.37894e+06  940.496  93.3115  6.23523  784084  422693
6.37897e+06  968.931  94.7823  7.02618  785901  422612
6.379e+06  997.808  96.2584  7.81801  787714  422529
6.37903e+06  1027.12  97.7221  8.70433  780051  472333
6.37906e+06  1056.88  99.1911  9.59165  781858  472236
6.37909e+06  1087.08  100.648  10.5639  774264  516739
6.37912e+06  1117.71  102.11  11.5372  776066  516630
6.37915e+06  1148.78  103.568  12.5519  773042  537912
6.37918e+06  1180.29  105.031  13.5677  774839  537794
6.37921e+06  1212.24  106.497  14.5991  774869  545271
6.37924e+06  1244.63  107.968  15.6316  776658  545145
6.37928e+06  1277.46  109.444  16.6652  778444  545017
6.37931e+06  1310.74  110.918  17.7302  776441  560840
6.37934e+06  1344.46  112.398  18.7964  778220  560704
6.37938e+06  1378.62  113.873  19.9046  774732  581985
6.37941e+06  1413.22  115.353  21.014  776505  581838
6.37945e+06  1448.27  116.832  22.1508  774779  595468
6.37948e+06  1483.77  118.317  23.2889  776546  595314
6.37952e+06  1519.71  119.796  24.4667  773058  615238
6.37956e+06  1556.09  121.282  25.6458  774820  615074
6.37959e+06  1592.92  122.759  26.8724  770014  639065
6.37963e+06  1630.19  124.243  28.1004  771771  638889
6.37967e+06  1667.91  125.731  29.3298  773524  638711
6.37971e+06  1706.08  127.216  30.5932  770494  655524
6.37974e+06  1744.69  128.706  31.8579  772242  655336
6.37978e+06  1783.75  130.188  33.1691  767197  678500
6.37982e+06  1823.25  131.676  34.4818  768941  678300
6.37986e+06  1863.19  133.149  35.8634  760054  712997
6.3799e+06  1903.58  134.626  37.2465  761795  712784
6.37994e+06  1944.41  136.086  38.7037  751509  749929
6.37999e+06  1985.67  137.552  40.1624  753247  749700
6.38003e+06  2027.37  138.998  41.6935  742625  785837
6.38007e+06  2069.51  140.45  43.2263  744361  785592
6.38011e+06  2112.07  141.885  44.824  734526  817770
6.38016e+06  2155.07  143.325  46.4234  736259  817510
6.3802e+06  2198.5  144.752  48.0734  728725  842211
6.38024e+06  2242.35  146.185  49.7251  730455  841938
6.38029e+06  2286.63  147.612  51.4075  726567  856394
6.38033e+06  2331.35  149.044  53.0917  728293  856111
6.38038e+06  2376.49  150.467  54.8145  722723  874538
6.38042e+06  2422.05  151.879  56.5824  715658  896199
6.38047e+06  2468.04  153.295  58.3522  717381  895894
6.38051e+06  2514.45  154.7  60.1656  710421  916681
6.38056e+06  2561.28  156.11  61.9809  712143  916363
6.38061e+06  2608.54  157.513  63.8278  707532  931075
6.38066e+06  2656.21  158.922  65.6767  709251  930746
6.3807e+06  2704.31  160.326  67.5493  706298  941323
6.38075e+06  2752.83  161.736  69.4238  708014  940984
6.3808e+06  2801.78  163.143  71.3186  705743  949838
6.38085e+06  2851.14  164.556  73.2153  707456  949489
6.3809e+06  2900.93  165.962  75.1398  703500  962037
6.38095e+06  2951.14  167.375  77.0664  705211  961678
6.381e+06  3001.78  168.777  79.0283  699470  977966
6.38105e+06  3052.83  170.185  80.9922  701180  977595
6.3811e+06  3104.3  171.576  83.0071  691733  1.00154e+06
6.38116e+06  3156.2  172.972  85.0241  693442  1.00115e+06
6.38121e+06  3208.5  174.346  87.1021  681291  1.03002e+06
6.38126e+06  3261.22  175.725  89.1823  683000  1.02962e+06
6.38131e+06  3314.34  177.081  91.3223  670736  1.05772e+06
6.38137e+06  3367.87  178.442  93.4645  672445  1.0573e+06
6.38142e+06  3421.81  179.788  95.6507  663765  1.07747e+06
6.38148e+06  3476.15  181.14  97.8392  665471  1.07704e+06
6.38153e+06  3530.9  182.479  100.062  658955  1.09256e+06
6.38159e+06  3586.04  183.825  102.288  660657  1.09211e+06
6.38164e+06  3641.59  185.163  104.54  656150  1.10351e+06
6.3817e+06  3697.54  186.506  106.794  657843  1.10305e+06
6.38175e+06  3753.9  187.842  109.075  653220  1.11447e+06
6.38181e+06  3810.65  189.183  111.358  654900  1.11399e+06
6.38187e+06  3867.81  190.516  113.667  650313  1.12514e+06
6.38193e+06  3925.36  191.837  116.012  643067  1.14094e+06
6.38198e+06  3983.31  193.163  118.36  644712  1.14042e+06
6.38204e+06  4041.65  194.463  120.764  631535  1.16634e+06
6.3821e+06  4100.38  195.769  123.17  633142  1.16577e+06
6.38216e+06  4159.49  197.044  125.641  617590  1.19486e+06
6.38222e+06  4218.99  198.325  128.113  619135  1.19423e+06
6.38228e+06  4278.86  199.578  130.643  604952  1.2199e+06
6.38234e+06  4339.11  200.836  133.174  606399  1.21919e+06
6.3824e+06  4399.74  202.085  135.729  601548  1.22867e+06
6.38246e+06  4460.74  203.339  138.286  602838  1.22783e+06
6.38252e+06  4522.11  204.588  140.86  599481  1.2343e+06
6.38258e+06  4583.87  205.84  143.436  600530  1.23327e+06
6.38265e+06  4645.99  207.093  146.018  599919  1.23454e+06
6.38271e+06  4708.5  208.35  148.602  600606  1.23323e+06
6.38277e+06  4771.38  209.605  151.192  599155  1.23479e+06
6.38283e+06  4834.64  210.862  153.783  599315  1.23305e+06
6.3829e+06  4898.27  212.114  156.385  595637  1.23667e+06
6.38296e+06  4962.28  213.338  159.03  581843  1.2553e+06
6.38303e+06  5026.64  214.562  161.674  580819  1.25257e+06
6.38309e+06  5091.37  215.752  164.365  563906  1.27323e+06
6.38316e+06  5156.45  216.939  167.052  561835  1.2696e+06
6.38322e+06  5221.89  218.122  169.735  559193  1.26546e+06
6.38329e+06  5287.67  219.274  172.452  543306  1.27998e+06
6.38335e+06  5353.8  220.419  175.163  539565  1.27481e+06
6.38342e+06  5420.26  221.544  177.884  529425  1.27802e+06
6.38349e+06  5487.06  222.661  180.597  524872  1.27201e+06
6.38355e+06  5554.18  223.759  183.316  515072  1.27315e+06
6.38362e+06  5621.64  224.848  186.026  510250  1.26671e+06
6.38369e+06  5689.41  225.912  188.749  498075  1.27115e+06
6.38376e+06  5757.5  226.969  191.462  493615  1.26479e+06
6.38383e+06  5825.9  227.982  194.219  472624  1.28289e+06
6.38389e+06  5894.59  228.989  196.967  469024  1.27703e+06
6.38396e+06  5963.58  229.951  199.763  447714  1.297e+06
6.38403e+06  6032.85  230.909  202.551  445219  1.29188e+06
6.3841e+06  6102.4  231.817  205.399  420992  1.31737e+06
6.38417e+06  6172.21  232.723  208.242  419614  1.31305e+06
6.38424e+06  6242.3  233.628  211.081  418740  1.30912e+06
6.38431e+06  6312.65  234.484  213.981  395564  1.33542e+06
6.38438e+06  6383.25  235.342  216.879  395587  1.33216e+06
6.38445e+06  6454.1  236.154  219.834  374168  1.35694e+06
6.38453e+06  6525.19  236.969  222.789  374909  1.35424e+06
6.3846e+06  6596.51  237.76  225.777  363438  1.36731e+06
6.38467e+06  6668.08  238.555  228.764  364733  1.36508e+06
6.38474e+06  6739.88  239.326  231.786  353385  1.37875e+06
6.38481e+06  6811.91  240.103  234.809  355119  1.3769e+06
6.38488e+06  6884.16  240.847  237.877  340034  1.39556e+06
6.38496e+06  6956.64  241.597  240.947  342137  1.39403e+06
6.38503e+06  7029.34  242.313  244.065  326320  1.4138e+06
6.3851e+06  7102.25  243.036  247.185  328747  1.41256e+06
6.38518e+06  7175.38  243.765  250.307  331314  1.41149e+06
6.38525e+06  7248.72  244.464  253.476  316784  1.43027e+06
6.38532e+06  7322.27  245.169  256.649  319646  1.4295e+06
6.3854e+06  7396.02  245.853  259.858  309100  1.44407e+06
6.38547e+06  7469.99  246.544  263.072  312248  1.44361e+06
6.38554e+06  7544.15  247.214  266.322  302569  1.45762e+06
6.38562e+06  7618.52  247.894  269.577  306004  1.4575e+06
6.38569e+06  7693.08  248.553  272.868  296558  1.47169e+06
6.38577e+06  7767.85  249.221  276.166  300283  1.47193e+06
6.38584e+06  7842.82  249.9  279.469  304144  1.47236e+06
6.38592e+06  7917.99  250.553  282.816  292759  1.48938e+06
6.38599e+06  7993.35  251.217  286.17  296902  1.49019e+06
6.38607e+06  8068.91  251.856  289.569  285377  1.50771e+06
6.38614e+06  8144.66  252.505  292.976  289782  1.50888e+06
6.38622e+06  8220.61  253.166  296.392  294294  1.51024e+06
6.3863e+06  8296.75  253.798  299.857  281274  1.52983e+06
6.38637e+06  8373.08  254.442  303.331  285986  1.5315e+06
6.38645e+06  8449.6  255.058  306.856  273246  1.5509e+06
6.38653e+06  8526.31  255.686  310.39  278093  1.55282e+06
6.3866e+06  8603.19  256.287  313.973  265781  1.57175e+06
6.38668e+06  8680.26  256.899  317.566  270686  1.57384e+06
6.38676e+06  8757.52  257.524  321.17  275579  1.57598e+06
6.38683e+06  8834.96  258.127  324.818  265446  1.59263e+06
6.38691e+06  8912.58  258.741  328.477  270271  1.59479e+06
6.38699e+06  8990.38  259.33  332.183  258622  1.61248e+06
6.38707e+06  9068.36  259.93  335.899  263303  1.61457e+06
6.38715e+06  9146.51  260.502  339.662  250963  1.63232e+06
6.38722e+06  9224.83  261.086  343.436  255439  1.63423e+06
6.3873e+06  9303.34  261.681  347.22  259787  1.63603e+06
6.38738e+06  9382.01  262.244  351.052  246030  1.65411e+06
6.38746e+06  9460.86  262.818  354.894  250121  1.65565e+06
6.38754e+06  9539.87  263.365  358.779  238163  1.67129e+06
6.38762e+06  9619.04  263.922  362.672  241982  1.67253e+06
6.3877e+06  9698.39  264.488  366.575  245662  1.67364e+06
6.38778e+06  9777.9  265.026  370.519  233426  1.68847e+06
6.38786e+06  9857.57  265.573  374.471  236852  1.68927e+06
6.38794e+06  9937.4  266.096  378.46  226195  1.70201e+06
6.38802e+06  10017.4  266.627  382.456  229390  1.70254e+06
6.3881e+06  10097.5  267.166  386.46  232476  1.70294e+06
6.38818e+06  10177.8  267.678  390.5  220866  1.71565e+06
6.38826e+06  10258.3  268.198  394.548  223769  1.71582e+06
6.38834e+06  10338.9  268.69  398.632  211475  1.72855e+06
6.38842e+06  10419.7  269.188  402.723  214227  1.72852e+06
6.3885e+06  10500.6  269.694  406.821  216909  1.72841e+06
6.38858e+06  10581.6  270.165  410.959  201910  1.74272e+06
6.38866e+06  10662.8  270.643  415.104  204487  1.74246e+06
6.38874e+06  10744.1  271.085  419.29  189029  1.75664e+06
6.38883e+06  10825.6  271.533  423.481  191526  1.75626e+06
6.38891e+06  10907.2  271.988  427.679  193984  1.75584e+06
6.38899e+06  10988.9  272.407  431.915  179142  1.76904e+06
6.38907e+06  11070.8  272.833  436.157  181549  1.76853e+06
6.38915e+06  11152.7  273.232  440.432  169970  1.77919e+06
6.38923e+06  11234.8  273.638  444.714  172505  1.7789e+06
6.38932e+06  11317  274.05  449.002  175022  1.77859e+06
6.3894e+06  11399.4  274.44  453.318  165810  1.78725e+06
6.38948e+06  11481.8  274.837  457.641  168305  1.78693e+06
6.38956e+06  11564.4  275.24  461.97  170789  1.78659e+06
6.38965e+06  11647.1  275.628  466.323  163972  1.7933e+06
6.38973e+06  11729.9  276.022  470.683  166441  1.79295e+06
6.38981e+06  11812.8  276.398  475.067  159041  1.80001e+06
6.3899e+06  11895.8  276.781  479.458  161500  1.79966e+06
6.38998e+06  11979  277.17  483.856  163954  1.79932e+06
6.39006e+06  12062.3  277.537  488.282  154645  1.80769e+06
6.39015e+06  12145.6  277.91  492.714  157095  1.80735e+06
6.39023e+06  12229.1  278.251  497.182  143625  1.81864e+06
6.39031e+06  12312.7  278.598  501.657  146075  1.8183e+06
6.3904e+06  12396.4  278.952  506.139  148521  1.81797e+06
6.39048e+06  12480.2  279.271  510.658  134100  1.82975e+06
6.39056e+06  12564  279.596  515.183  136550  1.82943e+06
6.39065e+06  12648  279.927  519.716  138997  1.82911e+06
6.39073e+06  12732.1  280.226  524.284  125711  1.8399e+06
6.39082e+06  12816.2  280.531  528.858  128162  1.8396e+06
6.3909e+06  12900.5  280.843  533.44  130610  1.8393e+06
6.39098e+06  12984.8  281.13  538.051  120899  1.84746e+06
6.39107e+06  13069.3  281.425  542.668  123350  1.84718e+06
6.39115e+06  13153.8  281.725  547.294  125800  1.84691e+06
6.39124e+06  13238.4  282.007  551.944  118048  1.85365e+06
6.39132e+06  13323.1  282.295  556.602  120499  1.8534e+06
6.39141e+06  13407.8  282.567  561.282  114242  1.85907e+06
6.39149e+06  13492.7  282.846  565.97  116695  1.85883e+06
6.39158e+06  13577.6  283.131  570.666  119146  1.8586e+06
6.39166e+06  13662.6  283.396  575.388  110772  1.86566e+06
6.39175e+06  13747.7  283.667  580.118  113226  1.86545e+06
6.39183e+06  13832.9  283.944  584.856  115678  1.86526e+06
6.39192e+06  13918.2  284.194  589.625  104500  1.87411e+06
6.392e+06  14003.5  284.449  594.402  106957  1.87392e+06
6.39209e+06  14088.9  284.669  599.215  92799.7  1.88459e+06
6.39217e+06  14174.4  284.896  604.036  95261.7  1.88442e+06
6.39226e+06  14259.9  285.128  608.865  97721.8  1.88426e+06
6.39235e+06  14345.5  285.325  613.73  83514.8  1.8948e+06
6.39243e+06  14431.2  285.528  618.603  85980  1.89465e+06
6.39252e+06  14516.9  285.737  623.485  88443.2  1.89452e+06
6.3926e+06  14602.7  285.915  628.4  76179.5  1.90367e+06
6.39269e+06  14688.5  286.1  633.322  78646.3  1.90355e+06
6.39277e+06  14774.4  286.29  638.254  81111.1  1.90344e+06
6.39286e+06  14860.3  286.46  643.212  72709.2  1.91009e+06
6.39295e+06  14946.3  286.635  648.179  75175.4  1.91e+06
6.39303e+06  15032.4  286.817  653.154  77639.4  1.90992e+06
6.39312e+06  15118.5  286.982  658.153  71061.8  1.9154e+06
6.3932e+06  15204.6  287.154  663.161  73526.1  1.91533e+06
6.39329e+06  15290.8  287.331  668.178  75988.1  1.91527e+06
6.39338e+06  15377.1  287.493  673.218  69814.6  1.92048e+06
6.39346e+06  15463.4  287.661  678.268  72276.5  1.92044e+06
6.39355e+06  15549.7  287.836  683.326  74736.2  1.92041e+06
6.39364e+06  15636.1  287.99  688.411  66595.9  1.92677e+06
6.39372e+06  15722.6  288.149  693.505  69056.3  1.92675e+06
6.39381e+06  15809  288.284  698.627  59512.1  1.93388e+06
6.3939e+06  15895.6  288.425  703.759  61973.5  1.93388e+06
6.39398e+06  15982.1  288.573  708.9  64432.5  1.93389e+06
6.39407e+06  16068.7  288.689  714.074  52707.5  1.94222e+06
6.39416e+06  16155.4  288.812  719.257  55168.4  1.94223e+06
6.39424e+06  16242.1  288.941  724.45  57626.7  1.94226e+06
6.39433e+06  16328.8  289.04  729.674  46062.8  1.95039e+06
6.39442e+06  16415.5  289.144  734.908  48522.6  1.95043e+06
6.3945e+06  16502.3  289.256  740.153  50979.7  1.95048e+06
6.39459e+06  16589.1  289.338  745.427  40236.9  1.95804e+06
6.39468e+06  16675.9  289.427  750.712  42694.9  1.9581e+06
6.39476e+06  16762.8  289.522  756.007  45150.1  1.95817e+06
6.39485e+06  16849.7  289.624  761.312  47602.7  1.95825e+06
6.39494e+06  16936.6  289.701  766.645  38676.9  1.96472e+06
6.39502e+06  17023.5  289.785  771.988  41129.2  1.96481e+06
6.39511e+06  17110.5  289.875  777.342  43578.8  1.96491e+06
6.3952e+06  17197.5  289.942  782.723  35056.4  1.97109e+06
6.39528e+06  17284.5  290.016  788.115  37505.4  1.9712e+06
6.39537e+06  17371.5  290.096  793.517  39951.7  1.97132e+06
6.39546e+06  17458.5  290.151  798.947  31099.6  1.97762e+06
6.39555e+06  17545.6  290.213  804.388  33545.2  1.97775e+06
6.39563e+06  17632.7  290.282  809.839  35988  1.97789e+06
6.39572e+06  17719.8  290.322  815.321  25879.9  1.9848e+06
6.39581e+06  17806.9  290.369  820.813  28322.4  1.98495e+06
6.39589e+06  17894  290.422  826.317  30762.1  1.9851e+06
6.39598e+06  17981.2  290.441  831.853  18645.1  1.993e+06
6.39607e+06  18068.3  290.467  837.4  21085.2  1.99316e+06
6.39616e+06  18155.4  290.5  842.959  23522.3  1.99334e+06
6.39624e+06  18242.6  290.495  848.552  10270.1  2.00171e+06
6.39633e+06  18329.7  290.496  854.157  12707.9  2.00189e+06
6.39642e+06  18416.9  290.504  859.773  15142.7  2.00207e+06
6.3965e+06  18504  290.475  865.423  1940.26  2.01029e+06
6.39659e+06  18591.2  290.452  871.085  4375.44  2.01048e+06
6.39668e+06  18678.3  290.435  876.758  6807.57  2.01069e+06
6.39677e+06  18765.4  290.384  882.464  -5067.78  2.01811e+06
6.39685e+06  18852.5  290.34  888.182  -2636.03  2.01832e+06
6.39694e+06  18939.6  290.302  893.912  -207.375  2.01853e+06
6.39703e+06  19026.7  290.234  899.672  -10741.8  2.02519e+06
6.39711e+06  19113.7  290.172  905.444  -8314.18  2.02541e+06
6.3972e+06  19200.8  290.117  911.229  -5889.68  2.02565e+06
6.39729e+06  19287.8  290.035  917.041  -14806.8  2.03143e+06
6.39737e+06  19374.8  289.96  922.867  -12384.1  2.03167e+06
6.39746e+06  19461.7  289.892  928.704  -9964.5  2.03192e+06
6.39755e+06  19548.7  289.798  934.569  -18461.8  2.03744e+06
6.39764e+06  19635.6  289.71  940.447  -16044.1  2.03769e+06
6.39772e+06  19722.5  289.629  946.337  -13629.6  2.03796e+06
6.39781e+06  19809.3  289.523  952.256  -22309.9  2.04351e+06
6.3979e+06  19896.2  289.422  958.187  -19897.3  2.04378e+06
6.39798e+06  19983  289.328  964.131  -17487.7  2.04405e+06
6.39807e+06  20069.7  289.206  970.104  -26883.8  2.04988e+06
6.3982e+06  20198.1  427.955  923.321  -42647.4  2.05711e+06
6.39833e+06  20327.2  430.238  928.214  -39974.3  2.05837e+06
6.39846e+06  20455.5  427.702  935.361  -47953.3  2.06457e+06
6.39858e+06  20584.5  429.981  940.31  -45299.1  2.06581e+06
6.39871e+06  20712.8  427.824  947.308  -52358.9  2.07149e+06
6.39884e+06  20841.9  430.099  952.312  -49721.3  2.07271e+06
6.39897e+06  20970.5  428.668  959.011  -55125.3  2.07757e+06
6.3991e+06  21099.7  430.943  964.066  -52500.8  2.07877e+06
6.39923e+06  21228.7  429.907  970.623  -56996  2.08316e+06
6.39936e+06  21358.4  432.182  975.726  -54382.7  2.08435e+06
6.39949e+06  21488.7  434.465  980.845  -51768.5  2.08554e+06
6.39962e+06  21618.9  433.88  987.259  -55239.6  2.08943e+06
6.39975e+06  21749.7  436.165  992.425  -52634.8  2.09061e+06
6.39988e+06  21880.3  435.409  998.952  -56422.7  2.0946e+06
6.40001e+06  22011.7  437.697  1004.17  -53827.9  2.09577e+06
6.40014e+06  22142.7  436.854  1010.77  -57751.5  2.09978e+06
6.40027e+06  22274.5  439.144  1016.03  -55167  2.10093e+06
6.40041e+06  22405.8  437.89  1022.85  -59888.4  2.10525e+06
6.40054e+06  22537.9  440.18  1028.16  -57315.2  2.10639e+06
6.40067e+06  22669.5  438.722  1035.1  -62398.5  2.11081e+06
6.4008e+06  22801.8  441.01  1040.46  -59837.3  2.11193e+06
6.40093e+06  22933.6  439.305  1047.54  -65358.8  2.11648e+06
6.40107e+06  23066.1  441.592  1052.96  -62809.9  2.11759e+06
6.4012e+06  23198  439.8  1060.11  -68439.4  2.12213e+06
6.40133e+06  23330.6  442.084  1065.58  -65902.8  2.12322e+06
6.40146e+06  23462.7  440.165  1072.81  -71714.8  2.12777e+06
6.4016e+06  23595.4  442.446  1078.34  -69190.5  2.12884e+06
6.40173e+06  23727.5  440.379  1085.67  -75222.9  2.13343e+06
6.40186e+06  23860.3  442.656  1091.24  -72711  2.13448e+06
6.40199e+06  23992.5  440.63  1098.59  -78591.7  2.13894e+06
6.40213e+06  24125.4  442.903  1104.22  -76091.6  2.13998e+06
6.40226e+06  24257.7  440.977  1111.56  -81706.2  2.14428e+06
6.40239e+06  24390.7  443.247  1117.24  -79217.3  2.1453e+06
6.40252e+06  24523  441.228  1124.65  -84938.2  2.14958e+06
6.40266e+06  24656.1  443.495  1130.39  -82460.5  2.15059e+06
6.40279e+06  24788.5  441.461  1137.84  -88137.4  2.1548e+06
6.40292e+06  24921.6  443.724  1143.63  -85670.5  2.15578e+06
6.40305e+06  25054.1  441.556  1151.16  -91528.6  2.16001e+06
6.40319e+06  25187.2  443.813  1157.01  -89072.5  2.16098e+06
6.40332e+06  25321.1  446.078  1162.88  -86616.3  2.16196e+06
6.40345e+06  25454.2  443.838  1170.49  -92508.8  2.16614e+06
6.40359e+06  25588  446.098  1176.42  -90063.3  2.16709e+06
6.40372e+06  25721.2  443.821  1184.08  -95948.5  2.17121e+06
6.40386e+06  25855  446.076  1190.06  -93513.5  2.17216e+06
6.40399e+06  25988.2  444.097  1197.64  -98782.9  2.17599e+06
6.40412e+06  26122.1  446.348  1203.67  -96357.5  2.17692e+06
6.40426e+06  26255.6  444.845  1211.12  -100702  2.18036e+06
6.40439e+06  26389.7  447.094  1217.2  -98284.6  2.18128e+06
6.40452e+06  26523.4  445.739  1224.63  -102308  2.18456e+06
6.40466e+06  26657.8  447.987  1230.77  -99898.2  2.18546e+06
6.40479e+06  26791.8  446.634  1238.24  -103865  2.18869e+06
6.40493e+06  26926.5  448.88  1244.43  -101463  2.18958e+06
6.40506e+06  27060.7  447.202  1252.05  -105947  2.19296e+06
6.4052e+06  27195.5  449.445  1258.3  -103554  2.19384e+06
6.40533e+06  27329.7  447.455  1266.07  -108520  2.19735e+06
6.40546e+06  27464.6  449.695  1272.37  -106135  2.19821e+06
6.4056e+06  27598.8  447.296  1280.33  -111739  2.2019e+06
6.40573e+06  27733.7  449.529  1286.68  -109364  2.20274e+06
6.40587e+06  27867.9  447.276  1294.62  -114647  2.20627e+06
6.406e+06  28002.7  449.504  1301.03  -112281  2.2071e+06
6.40614e+06  28137  447.607  1308.89  -116893  2.21035e+06
6.40627e+06  28271.9  449.831  1315.35  -114535  2.21117e+06
6.40641e+06  28406.5  448.6  1323.02  -117971  2.21397e+06
6.40654e+06  28541.8  450.824  1329.54  -115619  2.21477e+06
6.40668e+06  28677.7  453.054  1336.07  -113269  2.21558e+06
6.40681e+06  28813.3  452.126  1343.71  -116143  2.21816e+06
6.40695e+06  28949.6  454.357  1350.29  -113798  2.21895e+06
6.40709e+06  29085.7  453.42  1357.97  -116648  2.22149e+06
6.40722e+06  29222.4  455.651  1364.61  -114311  2.22227e+06
6.40736e+06  29358.7  454.369  1372.45  -117680  2.22496e+06
6.4075e+06  29495.6  456.598  1379.15  -115349  2.22572e+06
6.40763e+06  29632.2  455.133  1387.09  -118968  2.22846e+06
6.40777e+06  29769.4  457.361  1393.84  -116645  2.2292e+06
6.40791e+06  29906.1  455.633  1401.91  -120631  2.23202e+06
6.40804e+06  30043.4  457.858  1408.71  -118316  2.23276e+06
6.40818e+06  30180.3  456.284  1416.77  -122008  2.23545e+06
6.40832e+06  30317.9  458.506  1423.63  -119700  2.23616e+06
6.40846e+06  30455.1  457.289  1431.63  -122784  2.23862e+06
6.40859e+06  30592.9  459.511  1438.54  -120484  2.23932e+06
6.40873e+06  30730.5  458.584  1446.48  -123073  2.24158e+06
6.40887e+06  30868.7  460.806  1453.45  -120779  2.24227e+06
6.40901e+06  31006.7  459.976  1461.41  -123186  2.24445e+06
6.40915e+06  31145.4  462.198  1468.43  -120900  2.24512e+06
6.40928e+06  31283.7  461.156  1476.5  -123594  2.24736e+06
6.40942e+06  31422.7  463.379  1483.57  -121314  2.24802e+06
6.40956e+06  31561.4  462.043  1491.78  -124414  2.25035e+06
6.4097e+06  31700.6  464.264  1498.91  -122141  2.25099e+06
6.40984e+06  31839.4  462.548  1507.29  -125768  2.25346e+06
6.40998e+06  31978.8  464.767  1514.47  -123502  2.25408e+06
6.41012e+06  32117.7  462.741  1522.99  -127538  2.25663e+06
6.41026e+06  32257.1  464.955  1530.23  -125273  2.25726e+06
6.4104e+06  32395.9  462.639  1538.88  -129672  2.25991e+06
6.41054e+06  32535.4  464.848  1546.18  -127415  2.26052e+06
6.41067e+06  32674.1  462.506  1554.88  -131793  2.26312e+06
6.41081e+06  32813.6  464.71  1562.24  -129545  2.26371e+06
6.41095e+06  32952.3  462.425  1570.96  -133783  2.26622e+06
6.41109e+06  33091.7  464.623  1578.39  -131543  2.26679e+06
6.41123e+06  33230.4  462.453  1587.12  -135561  2.26919e+06
6.41137e+06  33369.8  464.646  1594.6  -133329  2.26974e+06
6.41151e+06  33508.5  462.426  1603.4  -137362  2.27211e+06
6.41165e+06  33647.9  464.614  1610.94  -135138  2.27263e+06
6.41179e+06  33786.7  462.486  1619.75  -138989  2.27491e+06
6.41192e+06  33924.7  460.037  1628.67  -143248  2.27727e+06
6.41206e+06  34063.3  462.208  1636.31  -141037  2.27776e+06
6.4122e+06  34201.2  459.649  1645.31  -145391  2.28011e+06
6.41234e+06  34339.8  461.813  1653.01  -143188  2.28059e+06
6.41248e+06  34477.5  458.967  1662.14  -147876  2.28298e+06
6.41262e+06  34615.8  461.124  1669.9  -145679  2.28344e+06
6.41275e+06  34753.4  458.571  1678.99  -149904  2.28567e+06
6.41289e+06  34891.6  460.72  1686.81  -147714  2.28611e+06
6.41303e+06  35029.1  458.409  1695.88  -151553  2.2882e+06
6.41317e+06  35167.3  460.553  1703.77  -149369  2.28862e+06
6.4133e+06  35304.9  458.61  1712.79  -152661  2.29052e+06
6.41344e+06  35441.9  456.725  1721.81  -155842  2.29237e+06
6.41358e+06  35579.5  458.855  1729.79  -153667  2.29277e+06
6.41372e+06  35716.6  456.895  1738.89  -156899  2.2946e+06
6.41385e+06  35854.3  459.021  1746.93  -154729  2.29499e+06
6.41399e+06  35991.4  456.895  1756.12  -158131  2.29683e+06
6.41413e+06  36129.1  459.016  1764.22  -155967  2.2972e+06
6.41427e+06  36266.1  456.75  1773.49  -159499  2.29905e+06
6.4144e+06  36402.4  454.386  1782.82  -163121  2.3009e+06
6.41454e+06  36539.4  456.49  1791.02  -160965  2.30125e+06
6.41468e+06  36675.6  454.108  1800.4  -164556  2.30306e+06
6.41481e+06  36812.5  456.206  1808.66  -162404  2.3034e+06
6.41495e+06  36948.6  453.774  1818.1  -166005  2.30518e+06
6.41508e+06  37083.9  451.179  1827.6  -169775  2.30699e+06
6.41522e+06  37219.9  453.258  1835.97  -167631  2.3073e+06
6.41536e+06  37355  450.352  1845.6  -171733  2.30916e+06
6.41549e+06  37490.8  452.422  1854.04  -169593  2.30946e+06
6.41563e+06  37625.6  449.329  1863.76  -173866  2.31133e+06
6.41576e+06  37761  451.391  1872.26  -171731  2.31162e+06
6.4159e+06  37895.4  448.206  1882.05  -176054  2.31347e+06
6.41603e+06  38029  445.077  1891.86  -180265  2.31526e+06
6.41616e+06  38162.8  446.085  1896.12  -406438  1.14657e+06
6.4163e+06  38295.5  442.253  1901.53  -408232  1.14761e+06
6.41643e+06  38427.1  438.698  1906.89  -409851  1.1486e+06
6.41656e+06  38559  439.696  1911.19  -408729  1.14894e+06
6.41669e+06  38689.9  436.415  1916.5  -410176  1.14986e+06
6.41682e+06  38821.1  437.408  1920.83  -409058  1.15018e+06
6.41695e+06  38951.4  434.337  1926.1  -410371  1.15106e+06
6.41708e+06  39080.8  431.282  1931.38  -411669  1.15191e+06
6.41721e+06  39210.5  432.266  1935.75  -410557  1.15221e+06
6.41734e+06  39339.2  429.086  1941.07  -411921  1.15306e+06
6.41747e+06  39468.2  430.065  1945.48  -410814  1.15336e+06
6.4176e+06  39596.3  426.928  1950.8  -412144  1.15418e+06
6.41772e+06  39723.5  423.978  1956.09  -413357  1.15497e+06
6.41785e+06  39851  424.948  1960.53  -412255  1.15524e+06
6.41798e+06  39977.6  422.078  1965.82  -413413  1.156e+06
6.4181e+06  40104.5  423.044  1970.29  -412314  1.15626e+06
6.41823e+06  40230.6  420.22  1975.59  -413437  1.157e+06
6.41836e+06  40355.8  417.414  1980.89  -414543  1.15772e+06
6.41848e+06  40481.3  418.371  1985.4  -413450  1.15796e+06
6.41861e+06  40605.9  415.335  1990.76  -414682  1.15869e+06
6.41873e+06  40730.8  416.288  1995.3  -413590  1.15893e+06
6.41885e+06  40854.7  412.983  2000.73  -414969  1.15968e+06
6.41898e+06  40977.5  409.345  2006.25  -416533  1.16045e+06
6.4191e+06  41100.6  410.286  2010.83  -415447  1.16067e+06
6.41922e+06  41222.5  406.303  2016.42  -417199  1.16147e+06
6.41934e+06  41344.7  407.238  2021.03  -416115  1.16168e+06
6.41947e+06  41465.6  403.082  2026.67  -417953  1.16248e+06
6.41959e+06  41585.3  398.939  2032.32  -419775  1.16326e+06
6.41971e+06  41705.2  399.858  2036.97  -418696  1.16346e+06
6.41982e+06  41824  395.968  2042.58  -420360  1.16419e+06
6.41994e+06  41941.8  392.486  2048.11  -421783  1.16487e+06
6.42006e+06  42059.8  393.392  2052.81  -420708  1.16505e+06
6.42018e+06  42176.9  390.349  2058.27  -421871  1.16567e+06
6.42029e+06  42294.3  391.251  2062.99  -420798  1.16584e+06
6.42041e+06  42410.8  388.581  2068.4  -421741  1.1664e+06
6.42053e+06  42526.6  386.041  2073.8  -422604  1.16694e+06
6.42064e+06  42642.7  386.934  2078.56  -421534  1.16711e+06
6.42076e+06  42758  384.301  2083.99  -422441  1.16764e+06
6.42087e+06  42872.5  381.507  2089.46  -423431  1.16819e+06
6.42099e+06  42987.2  382.39  2094.26  -422364  1.16835e+06
6.4211e+06  43101.1  379.611  2099.74  -423337  1.16888e+06
6.42122e+06  43215.2  380.49  2104.57  -422271  1.16903e+06
6.42133e+06  43328.6  377.983  2110.02  -423084  1.16952e+06
6.42144e+06  43441.4  375.905  2115.4  -423653  1.16996e+06
6.42155e+06  43554.4  376.776  2120.27  -422590  1.17011e+06
6.42167e+06  43666.9  374.83  2125.65  -423079  1.17053e+06
6.42178e+06  43778.6  372.537  2131.1  -423754  1.17098e+06
6.42189e+06  43890.6  373.401  2136  -422693  1.17111e+06
6.422e+06  44001.8  370.454  2141.58  -423717  1.17162e+06
6.42211e+06  44113.2  371.313  2146.51  -422658  1.17175e+06
6.42222e+06  44223.5  367.629  2152.24  -424073  1.17231e+06
6.42233e+06  44332.5  363.549  2158.04  -425696  1.1729e+06
6.42244e+06  44441.8  364.393  2163.01  -424639  1.17302e+06
6.42255e+06  44549.9  360.243  2168.84  -426285  1.1736e+06
6.42266e+06  44658.2  361.08  2173.84  -425230  1.17372e+06
6.42277e+06  44765.4  357.278  2179.63  -426674  1.17425e+06
6.42287e+06  44871.6  353.914  2185.34  -427875  1.17474e+06
6.42298e+06  44978  354.737  2190.39  -426821  1.17485e+06
6.42308e+06  45083.5  351.615  2196.08  -427880  1.17531e+06
6.42319e+06  45188  348.36  2201.81  -429003  1.17576e+06
6.42329e+06  45292.8  349.171  2206.89  -427951  1.17587e+06
6.4234e+06  45396.5  345.736  2212.66  -429158  1.17633e+06
6.4235e+06  45499.2  342.321  2218.44  -430346  1.17679e+06
6.4236e+06  45602.1  343.119  2223.57  -429296  1.17689e+06
6.4237e+06  45704.1  339.911  2229.33  -430363  1.17731e+06
6.42381e+06  45806.3  340.704  2234.48  -429315  1.17741e+06
6.42391e+06  45907.7  337.862  2240.21  -430178  1.1778e+06
6.42401e+06  46008.3  335.318  2245.89  -430877  1.17816e+06
6.42411e+06  46109.1  336.1  2251.09  -429830  1.17825e+06
6.42421e+06  46209.2  333.733  2256.77  -430429  1.17859e+06
6.42431e+06  46308.6  331.274  2262.47  -431070  1.17892e+06
6.42441e+06  46408.2  332.047  2267.7  -430024  1.17901e+06
6.42451e+06  46507  329.409  2273.45  -430748  1.17936e+06
6.42461e+06  46606.1  330.178  2278.71  -429703  1.17944e+06
6.4247e+06  46704.3  327.399  2284.5  -430491  1.17979e+06
6.4248e+06  46801.7  324.566  2290.3  -431300  1.18014e+06
6.4249e+06  46899.3  325.324  2295.61  -430257  1.18022e+06
6.425e+06  46996  322.548  2301.42  -431026  1.18056e+06
6.42509e+06  47092  319.919  2307.23  -431714  1.18088e+06
6.42519e+06  47188.2  320.666  2312.57  -430673  1.18095e+06
6.42528e+06  47283.6  318.138  2318.38  -431302  1.18125e+06
6.42538e+06  47378.3  315.595  2324.2  -431931  1.18154e+06
6.42547e+06  47473.2  316.333  2329.59  -430891  1.18161e+06
6.42557e+06  47567.3  313.648  2335.45  -431584  1.18191e+06
6.42566e+06  47661.6  314.38  2340.86  -430544  1.18197e+06
6.42576e+06  47755.1  311.552  2346.76  -431300  1.18227e+06
6.42585e+06  47847.7  308.584  2352.69  -432118  1.18258e+06
6.42594e+06  47940.5  309.305  2358.14  -431080  1.18264e+06
6.42603e+06  48032.4  306.315  2364.09  -431899  1.18294e+06
6.42612e+06  48123.4  303.391  2370.04  -432678  1.18324e+06
6.42621e+06  48214.6  304.101  2375.54  -431641  1.1833e+06
6.4263e+06  48305  301.154  2381.51  -432421  1.18359e+06
6.42639e+06  48394.4  298.192  2387.5  -433202  1.18387e+06
6.42648e+06  48484.1  298.89  2393.04  -432166  1.18393e+06
6.42657e+06  48572.9  295.904  2399.04  -432948  1.18421e+06
6.42666e+06  48661.8  296.597  2404.61  -431912  1.18426e+06
6.42675e+06  48749.9  293.546  2410.65  -432716  1.18454e+06
6.42684e+06  48837  290.395  2416.7  -433562  1.18482e+06
6.42692e+06  48924.3  291.075  2422.31  -432527  1.18487e+06
6.42701e+06  49010.7  287.899  2428.39  -433374  1.18515e+06
6.4271e+06  49096.1  284.75  2434.48  -434201  1.18542e+06
6.42718e+06  49181.8  285.417  2440.13  -433167  1.18546e+06
6.42727e+06  49266.5  282.456  2446.22  -433892  1.18572e+06
6.42735e+06  49350.4  279.608  2452.3  -434555  1.18596e+06
6.42743e+06  49434.5  280.263  2458  -433522  1.18601e+06
6.42752e+06  49517.7  277.48  2464.09  -434145  1.18624e+06
6.4276e+06  49600.1  274.638  2470.21  -434789  1.18647e+06
6.42768e+06  49682.7  275.282  2475.94  -433757  1.18652e+06
6.42776e+06  49764.4  272.331  2482.09  -434443  1.18675e+06
6.42785e+06  49846.3  272.97  2487.85  -433411  1.18679e+06
6.42793e+06  49927.2  269.823  2494.05  -434182  1.18703e+06
6.42801e+06  50007.2  266.615  2500.25  -434973  1.18727e+06
6.42809e+06  50087.4  267.241  2506.06  -433942  1.18731e+06
6.42817e+06  50166.6  264.097  2512.28  -434693  1.18754e+06
6.42824e+06  50245  261.288  2518.48  -435279  1.18775e+06
6.42832e+06  50323.6  261.901  2524.33  -434249  1.18778e+06
6.4284e+06  50401.4  259.424  2530.51  -434670  1.18797e+06
6.42848e+06  50478.5  257.155  2536.69  -434987  1.18815e+06
6.42856e+06  50555.9  257.758  2542.58  -433957  1.18818e+06
6.42863e+06  50632.5  255.561  2548.77  -434234  1.18835e+06
6.42871e+06  50708.5  253.262  2554.98  -434553  1.18852e+06
6.42878e+06  50784.7  253.856  2560.92  -433524  1.18856e+06
6.42886e+06  50860.1  251.361  2567.18  -433926  1.18873e+06
6.42893e+06  50934.7  248.762  2573.45  -434370  1.18891e+06
6.42901e+06  51009.5  249.346  2579.43  -433342  1.18894e+06
6.42908e+06  51083.5  246.64  2585.78  -433188  1.19575e+06
6.42916e+06  51157.7  247.222  2591.82  -432163  1.19575e+06
6.42923e+06  51231  244.632  2598.18  -432598  1.19589e+06
6.4293e+06  51303.7  242.209  2604.53  -432951  1.19602e+06
6.42938e+06  51376.5  242.781  2610.61  -431926  1.19602e+06
6.42945e+06  51448.7  240.385  2616.99  -432258  1.19614e+06
6.42952e+06  51520.1  237.977  2623.38  -432590  1.19627e+06
6.42959e+06  51591.6  238.539  2629.5  -431566  1.19627e+06
6.42966e+06  51662.4  235.974  2635.93  -431961  1.1964e+06
6.42973e+06  51732.4  233.211  2642.39  -432440  1.19653e+06
6.4298e+06  51802.5  233.761  2648.56  -431416  1.19653e+06
6.42987e+06  51871.7  230.838  2655.05  -431958  1.19667e+06
6.42994e+06  51940.1  227.9  2661.56  -432501  1.19681e+06
6.43001e+06  52008.6  228.438  2667.78  -431477  1.19681e+06
6.43008e+06  52076.3  225.524  2674.3  -431999  1.19694e+06
6.43014e+06  52143.1  222.735  2680.83  -432459  1.19707e+06
6.43021e+06  52210.1  223.261  2687.1  -431435  1.19707e+06
6.43028e+06  52276.2  220.451  2693.65  -431895  1.19719e+06
6.43034e+06  52342.5  220.972  2699.94  -430872  1.19719e+06
6.43041e+06  52408  218.187  2706.52  -431312  1.19731e+06
6.43047e+06  52472.6  215.294  2713.12  -431793  1.19744e+06
6.43054e+06  52537.3  215.803  2719.46  -430771  1.19744e+06
6.4306e+06  52601.2  212.84  2726.09  -431274  1.19756e+06
6.43066e+06  52664.1  209.814  2732.73  -431798  1.19768e+06
6.43073e+06  52727.2  210.31  2739.12  -430775  1.19768e+06
6.43079e+06  52789.4  207.309  2745.79  -431279  1.1978e+06
6.43085e+06  52850.7  204.485  2752.45  -431699  1.19791e+06
6.43091e+06  52912.2  204.969  2758.89  -430677  1.19791e+06
6.43097e+06  52972.9  202.316  2765.57  -431014  1.19801e+06
6.43103e+06  53032.9  199.843  2772.25  -431268  1.1981e+06
6.43109e+06  53093  200.316  2778.73  -430246  1.1981e+06
6.43115e+06  53152.4  198.019  2785.42  -430416  1.19819e+06
6.43121e+06  53211.2  195.905  2792.11  -430503  1.19827e+06
6.43127e+06  53270.1  196.369  2798.64  -429482  1.19827e+06
6.43133e+06  53328.4  194.386  2805.35  -429506  1.19834e+06
6.43139e+06  53386.1  192.539  2812.06  -429468  1.19841e+06
6.43144e+06  53444  192.995  2818.63  -428447  1.19841e+06
6.4315e+06  53501.4  191.183  2825.37  -428388  1.19848e+06
6.43156e+06  53558.2  189.313  2832.13  -428350  1.19855e+06
6.43162e+06  53615.1  189.761  2838.75  -427329  1.19855e+06
6.43167e+06  53671.4  187.727  2845.55  -427354  1.19862e+06
6.43173e+06  53727.1  185.483  2852.37  -427463  1.19869e+06
6.43178e+06  53782.9  185.922  2859.03  -426443  1.19869e+06
6.43184e+06  53837.9  183.411  2865.9  -426656  1.19877e+06
6.43189e+06  53893  183.845  2872.6  -425636  1.19877e+06
6.43195e+06  53947.4  181.165  2879.51  -425913  1.19886e+06
6.432e+06  54000.9  178.37  2886.43  -426232  1.19894e+06
6.43205e+06  54054.5  178.792  2893.18  -425212  1.19894e+06
6.43211e+06  54107.3  176.027  2900.13  -425510  1.19903e+06
6.43216e+06  54159.4  173.4  2907.09  -425746  1.1991e+06
6.43221e+06  54211.5  173.811  2913.89  -424726  1.1991e+06
6.43226e+06  54262.9  171.419  2920.86  -424857  1.19917e+06
6.43231e+06  54313.7  169.27  2927.84  -424884  1.19923e+06
6.43236e+06  54364.6  169.672  2934.68  -423865  1.19923e+06
6.43241e+06  54414.9  167.764  2941.67  -423787  1.19929e+06
6.43246e+06  54464.8  166.051  2948.66  -423626  1.19934e+06
6.43251e+06  54514.7  166.445  2955.55  -422607  1.19934e+06
6.43256e+06  54564.1  164.823  2962.57  -422404  1.19938e+06
6.43261e+06  54613.1  163.348  2969.59  -422139  1.19943e+06
6.43266e+06  54662.3  163.736  2976.53  -421120  1.19943e+06
6.43271e+06  54711  162.353  2983.58  -420812  1.19947e+06
6.43276e+06  54759.3  161.016  2990.65  -420484  1.19951e+06
6.43281e+06  54807.7  161.398  2997.63  -419465  1.19951e+06
6.43286e+06  54855.7  160.103  3004.72  -419117  1.19954e+06
6.4329e+06  54903.3  158.748  3011.83  -418789  1.19958e+06
6.43295e+06  54951.1  159.124  3018.87  -417770  1.19958e+06
6.433e+06  54998.4  157.706  3026.01  -417463  1.19962e+06
6.43305e+06  55045.2  156.121  3033.18  -417220  1.19966e+06
6.43309e+06  55092.2  156.492  3040.27  -416201  1.19966e+06
6.43314e+06  55138.6  154.788  3047.47  -415999  1.1997e+06
6.43318e+06  55184.5  152.863  3054.71  -415882  1.19975e+06
6.43323e+06  55230.4  153.226  3061.84  -414863  1.19975e+06
6.43328e+06  55275.8  151.286  3069.11  -414746  1.19979e+06
6.43332e+06  55320.6  149.283  3076.39  -414649  1.19984e+06
6.43337e+06  55365.5  149.637  3083.58  -413631  1.19984e+06
6.43341e+06  55409.8  147.727  3090.89  -413493  1.19988e+06
6.43345e+06  55453.6  145.915  3098.22  -413313  1.19992e+06
6.4335e+06  55497.5  146.261  3105.45  -412295  1.19992e+06
6.43354e+06  55540.8  144.544  3112.81  -412073  1.19996e+06
6.43358e+06  55583.7  142.982  3120.17  -411789  1.2e+06
6.43363e+06  55626.7  143.321  3127.46  -410771  1.2e+06
6.43367e+06  55669.3  141.911  3134.85  -410424  1.20003e+06
6.43371e+06  55712  142.248  3142.17  -409406  1.20003e+06
6.43375e+06  55754.2  140.882  3149.59  -409038  1.20006e+06
6.4338e+06  55796.1  139.674  3157.02  -408608  1.20008e+06
6.43384e+06  55837.7  138.626  3164.45  -408114  1.20011e+06
6.43388e+06  55879.4  138.955  3171.85  -407097  1.20011e+06
6.43392e+06  55920.8  137.954  3179.32  -406582  1.20013e+06
6.43396e+06  55961.9  137.058  3186.8  -406026  1.20015e+06
6.434e+06  56003.1  137.384  3194.25  -405009  1.20015e+06
6.43404e+06  56044.1  136.537  3201.76  -404432  1.20017e+06
6.43409e+06  56085.2  136.862  3209.24  -403415  1.20017e+06
6.43413e+06  56126  136.121  3216.79  -402796  1.20019e+06
6.43417e+06  56166.6  135.375  3224.35  -402178  1.2002e+06
6.43421e+06  56207.3  135.697  3231.88  -401161  1.2002e+06
6.43425e+06  56247.8  134.946  3239.48  -400542  1.20022e+06
6.43429e+06  56288.1  134.19  3247.1  -399923  1.20024e+06
6.43433e+06  56328.4  134.509  3254.68  -398907  1.20024e+06
6.43437e+06  56368.5  133.69  3262.34  -398309  1.20026e+06
6.43441e+06  56408.4  132.867  3270.01  -397711  1.20027e+06
6.43445e+06  56448.3  133.183  3277.65  -396695  1.20027e+06
6.43449e+06  56488  132.353  3285.36  -396097  1.20029e+06
6.43453e+06  56527.5  131.519  3293.09  -395500  1.20031e+06
6.43457e+06  56567  131.832  3300.78  -394483  1.20031e+06
6.43461e+06  56606.4  131.048  3308.54  -393865  1.20032e+06
6.43465e+06  56645.5  130.376  3316.32  -393205  1.20034e+06
6.43468e+06  56684.7  130.687  3324.07  -392189  1.20034e+06
6.43472e+06  56723.7  130.125  3331.88  -391487  1.20035e+06
6.43476e+06  56762.6  129.678  3339.7  -390743  1.20036e+06
6.4348e+06  56801.6  129.986  3347.51  -389727  1.20036e+06
6.43484e+06  56840.5  129.593  3355.37  -388962  1.20037e+06
6.43488e+06  56879.3  129.374  3363.23  -388134  1.20038e+06
6.43492e+06  56918.2  129.682  3371.1  -387118  1.20038e+06
6.43496e+06  56957.1  129.519  3379  -386270  1.20039e+06
6.435e+06  56995.9  129.354  3386.93  -385421  1.20039e+06
6.43503e+06  57034.8  129.662  3394.85  -384405  1.20039e+06
6.43507e+06  57073.7  129.615  3402.81  -383515  1.2004e+06
6.43511e+06  57112.5  129.567  3410.78  -382625  1.2004e+06
6.43515e+06  57151.5  129.875  3418.76  -381609  1.2004e+06
6.43519e+06  57190.5  129.886  3426.77  -380698  1.20041e+06
6.43523e+06  57229.4  129.895  3434.8  -379786  1.20041e+06
6.43527e+06  57268.5  130.205  3442.84  -378771  1.20041e+06
6.43531e+06  57307.5  130.214  3450.91  -377859  1.20041e+06
6.43535e+06  57346.6  130.283  3459  -376927  1.20042e+06
6.43539e+06  57385.8  130.593  3467.1  -375912  1.20042e+06
6.43542e+06  57425  130.601  3475.23  -375001  1.20042e+06
6.43546e+06  57464.2  130.609  3483.38  -374089  1.20043e+06
6.4355e+06  57503.4  130.92  3491.54  -373074  1.20043e+06
6.43554e+06  57542.7  130.927  3499.73  -372163  1.20043e+06
6.43558e+06  57582.1  131.239  3507.92  -371147  1.20043e+06
6.43562e+06  57621.5  131.184  3516.16  -370257  1.20043e+06
6.43566e+06  57660.8  131.127  3524.41  -369367  1.20044e+06
6.4357e+06  57700.2  131.44  3532.67  -368351  1.20044e+06
6.43574e+06  57739.6  131.321  3540.97  -367482  1.20045e+06
6.43578e+06  57779  131.201  3549.28  -366613  1.20045e+06
6.43582e+06  57818.4  131.514  3557.61  -365598  1.20045e+06
6.43586e+06  57857.8  131.33  3565.97  -364750  1.20046e+06
6.4359e+06  57897.2  131.207  3574.35  -363881  1.20046e+06
6.43594e+06  57936.7  131.52  3582.73  -362865  1.20046e+06
6.43598e+06  57976.1  131.395  3591.16  -361997  1.20047e+06
6.43602e+06  58015.5  131.269  3599.6  -361128  1.20047e+06
6.43605e+06  58054.9  131.583  3608.05  -360112  1.20047e+06
6.43609e+06  58094.4  131.518  3616.54  -359223  1.20048e+06
6.43613e+06  58133.8  131.453  3625.05  -358333  1.20048e+06
6.43617e+06  58173.3  131.767  3633.56  -357318  1.20048e+06
6.43621e+06  58212.9  131.764  3642.11  -356407  1.20049e+06
6.43625e+06  58252.4  131.824  3650.68  -355475  1.20049e+06
6.43629e+06  58292.1  132.14  3659.26  -354460  1.20049e+06
6.43633e+06  58331.7  132.199  3667.87  -353529  1.20049e+06
6.43637e+06  58371.4  132.323  3676.5  -352576  1.2005e+06
6.43641e+06  58411.2  132.64  3685.15  -351561  1.2005e+06
6.43645e+06  58451  132.699  3693.83  -350630  1.2005e+06
6.43649e+06  58490.9  132.759  3702.54  -349698  1.2005e+06
6.43653e+06  58530.8  133.076  3711.25  -348683  1.2005e+06
6.43657e+06  58570.7  133.07  3720  -347773  1.20051e+06
6.43661e+06  58610.6  132.999  3728.78  -346883  1.20051e+06
6.43665e+06  58650.6  133.317  3737.56  -345868  1.20051e+06
6.43669e+06  58690.5  133.179  3746.39  -345000  1.20052e+06
6.43673e+06  58730.4  132.974  3755.24  -344152  1.20052e+06
6.43677e+06  58770.4  133.293  3764.1  -343137  1.20052e+06
6.43681e+06  58810.3  132.954  3773  -342332  1.20053e+06
6.43685e+06  58850.1  132.613  3781.93  -341526  1.20054e+06
6.43689e+06  58890  132.931  3790.85  -340511  1.20054e+06
6.43693e+06  58929.7  132.455  3799.83  -339748  1.20055e+06
6.43697e+06  58969.3  131.909  3808.84  -339005  1.20056e+06
6.43701e+06  59008.9  132.226  3817.84  -337990  1.20056e+06
6.43705e+06  59048.5  131.675  3826.9  -337248  1.20057e+06
6.43709e+06  59087.8  131.122  3835.98  -336505  1.20057e+06
6.43713e+06  59127.2  131.437  3845.05  -335491  1.20057e+06
6.43717e+06  59166.5  130.879  3854.18  -334748  1.20058e+06
6.43721e+06  59205.6  130.452  3863.33  -333964  1.20059e+06
6.43724e+06  59244.8  130.766  3872.49  -332949  1.20059e+06
6.43728e+06  59284  130.336  3881.69  -332165  1.2006e+06
6.43732e+06  59322.9  129.971  3890.91  -331360  1.20061e+06
6.43736e+06  59362  130.285  3900.14  -330346  1.20061e+06
6.4374e+06  59401  130.053  3909.41  -329499  1.20061e+06
6.43744e+06  59440  129.82  3918.71  -328652  1.20062e+06
6.43748e+06  59479  130.133  3928.01  -327637  1.20062e+06
6.43752e+06  59518  130.035  3937.36  -326748  1.20062e+06
6.43756e+06  59557  130.005  3946.73  -325839  1.20063e+06
6.4376e+06  59596.1  130.32  3956.11  -324824  1.20063e+06
6.43764e+06  59635.2  130.219  3965.54  -323936  1.20063e+06
6.43767e+06  59674.3  130.188  3974.98  -323026  1.20063e+06
6.43771e+06  59713.4  130.503  3984.45  -322012  1.20063e+06
6.43775e+06  59752.6  130.47  3993.95  -321102  1.20064e+06
6.43779e+06  59791.6  130.297  4003.48  -320235  1.20064e+06
6.43783e+06  59830.8  130.613  4013.03  -319220  1.20064e+06
6.43787e+06  59870  130.438  4022.62  -318353  1.20065e+06
6.43791e+06  59909  130.121  4032.24  -317527  1.20065e+06
6.43795e+06  59948.1  130.437  4041.87  -316513  1.20065e+06
6.43799e+06  59987.1  130.046  4051.54  -315708  1.20066e+06
6.43803e+06  60026  129.583  4061.25  -314924  1.20067e+06
6.43806e+06  60065  129.898  4070.97  -313910  1.20067e+06
6.4381e+06  60103.8  129.359  4080.73  -313148  1.20068e+06
6.43814e+06  60142.4  128.746  4090.53  -312406  1.20069e+06
6.43818e+06  60181.1  129.059  4100.33  -311392  1.20069e+06
6.43822e+06  60219.7  128.441  4110.19  -310650  1.20069e+06
6.43826e+06  60258  127.747  4120.08  -309930  1.2007e+06
6.4383e+06  60296.4  128.059  4129.96  -308916  1.2007e+06
6.43833e+06  60334.6  127.432  4139.91  -308175  1.20071e+06
6.43837e+06  60372.7  126.729  4149.88  -307454  1.20072e+06
6.43841e+06  60410.8  127.039  4159.86  -306440  1.20072e+06
6.43845e+06  60448.7  126.403  4169.89  -305699  1.20073e+06
6.43849e+06  60486.4  125.691  4179.96  -304979  1.20074e+06
6.43852e+06  60524.2  125.999  4190.03  -303965  1.20074e+06
6.43856e+06  60561.8  125.281  4200.16  -303245  1.20075e+06
6.4386e+06  60599.1  124.56  4210.32  -302524  1.20076e+06
6.43864e+06  60636.6  124.865  4220.47  -301511  1.20076e+06
6.43867e+06  60673.8  124.064  4230.7  -300811  1.20077e+06
6.43871e+06  60711.1  124.369  4240.92  -299798  1.20077e+06
6.43875e+06  60748.2  123.487  4251.21  -299120  1.20078e+06
6.43878e+06  60785  122.675  4261.52  -298421  1.20079e+06
6.43882e+06  60821.9  122.977  4271.84  -297407  1.20079e+06
6.43886e+06  60858.5  122.084  4282.22  -296729  1.2008e+06
6.43889e+06  60894.9  121.186  4292.64  -296051  1.20081e+06
6.43893e+06  60931.3  121.485  4303.05  -295038  1.20081e+06
6.43897e+06  60967.5  120.581  4313.54  -294360  1.20082e+06
6.439e+06  61003.4  119.747  4324.05  -293661  1.20082e+06
6.43904e+06  61039.4  120.043  4334.56  -292648  1.20082e+06
6.43908e+06  61075.2  119.354  4345.13  -291907  1.20083e+06
6.43911e+06  61110.8  118.661  4355.74  -291166  1.20084e+06
6.43915e+06  